diggCount,followerCount,followingCount,friendCount,heart,heartCount,videoCount,commentSetting,downloadSetting,duetSetting,ftc,id,isADVirtual,openFavorite,privateAccount,relation,secUid,secret,stitchSetting,ttSeller,uniqueId,verified,start_time,end_time
7,632,48,0,22,22,4,0,0,0,False,7285976432407282731,False,False,False,0,MS4wLjABAAAA-dopV8zQ9qaD6CaFaBrG-mAjjZpkfeaVh2t1fzsr8GP-zIRpw56izY2BhCuL1bnX,False,0,False,mckinley.financial,False,1698631071,1698631441
33,264,199,0,69,69,2,0,0,0,False,6989640463553184774,False,False,False,0,MS4wLjABAAAAWuXCTOryzBYgb1vXHo_beo9kfaPrmZYV-iTSb72yguQ2yTlDsDbvHAeHXy7RYJLq,False,0,False,atabayyev,False,1698631071,1698631441
17900,3254,308,0,12400,12400,20,0,0,0,False,6680516192924369925,False,False,False,0,MS4wLjABAAAA1eq9-LVakauM9tnrG6_EgxN64xsBFZU_zM79ephgsTXgQMpFKALhz2eIYh0PjAfO,False,0,False,townmayorjules,False,1698631071,1698631441
284,15700,41,0,47000,47000,4,0,0,0,False,7116262549743567918,False,False,False,0,MS4wLjABAAAA1ivYHfwtibXzJ7-kdXYxO_gKO-_0gM0GJynxwOQsYxJ3PDLMM77IQmphgjEO9Mm1,False,0,False,elizabeth08_11,False,1698631071,1698631441
1189,255500,151,0,7700000,7700000,580,0,0,0,False,6937858016784155653,False,False,False,0,MS4wLjABAAAAEhg-z9sCrBLqkL99fDsEepZ-H60YiK5lxqMw2w3eTjtJDQ25vM85KyJW9UCxZCal,False,0,False,aaronsbitofeverything,False,1698631071,1698631441
136,1034,18,0,244,244,21,0,0,0,False,6993262157555205122,False,False,False,0,MS4wLjABAAAAl2cU-YB3p8qMN5WaFthG_3gJXfyLY6RXk5QZKsVgpyVAeoD9y8lh-FKlABP-Cdz8,False,0,False,gamerpalestine,False,1698631071,1698631441
3318,11700,9486,0,7935,7935,35,0,3,3,False,7083064250969801734,False,False,False,0,MS4wLjABAAAAs6hW8vKAQRobUWR7CR0miAiideLnQgdeC0335nSGH87oUH__KZ_R9a6gQWrgbrv_,False,3,False,bondaggroup,False,1698631071,1698631441
736,1051,59,0,24,24,3,0,0,0,False,7273379808586941483,False,False,False,0,MS4wLjABAAAAEIHS36kGe-7EgHmhAV0U4rcMDDLaLg07cmCDBdxk-3ilQgUlLtqI1mvBTwYHYMuc,False,0,False,laysha703,False,1698631071,1698631441
8002,1114,268,0,1489,1489,14,0,3,0,False,6644690483870531590,False,False,False,0,MS4wLjABAAAAhlPEc3qTR4TdSE4IYll9CZ87UQ73RDlRl-X_ZxrpR6GNqJ7D7e1fMmxx7PHebsr1,False,0,False,kh_ipi,False,1698631071,1698631441
1039,1010,11,0,0,0,0,0,0,0,False,7171869176929289262,False,False,False,0,MS4wLjABAAAA-VTp-Ndv-f0n4Km-Vt-dyW6R2uk-8XG52CA_bgJPmElLuvwc1hrkiFVU-V6nd5vh,False,0,False,lorenzo_d,False,1698631071,1698631441
14,206,1,0,0,0,0,0,0,0,False,7272125819386889221,False,False,False,0,MS4wLjABAAAAwYGLLSU8g0-9H2f0gfai7N4Td51nDQzKszwTg_GtYXtkOvDiQxnE2oo0SsM8IAwE,False,0,False,..camilo0,False,1698631071,1698631441
5981,1206,79,0,25,25,0,0,3,3,False,6725795000602756101,False,False,False,0,MS4wLjABAAAAdtiD3Xl7wCHyMsjgZ7taj2ayitqqpeLixzumkLf5zJ5k6giztbNjZz3HLYiU8Wxm,False,3,False,bedoor76_,False,1698631071,1698631441
1,2167,2,0,0,0,0,0,0,0,False,7295401844405814305,False,False,False,0,MS4wLjABAAAAk4UeleAnfl2B32fTsu1NjcN1W60YIA8Vsjwd2XsvdgFaQkk73p4eVIRXxnE3_cy_,False,0,False,mohammad.omar.2023,False,1698631071,1698631441
528,25100,542,0,26200,26200,445,0,0,0,False,6819597753119785990,False,False,False,0,MS4wLjABAAAAqw8sKl7-wVOu32abAj3383CvfJAMUaVYQKHvVaEovewVeWTkdkYIsEuodLnEeOs7,False,0,False,1...tomer...azar...1,False,1698631071,1698631441
85800,49500,4118,0,66100,66100,313,0,0,0,False,7047092495025144838,False,False,False,0,7297699508551420715,MS4wLjABAAAAJZ8k7sMrmT1I5Yi__WK7vstabl_UNC4lBLylAYBxVwJiAJUrajLgqS3vxeqzLluj,False,0,False,gallito739,False,1698631071,1698631441
12900,3370,1004,0,27800,27800,68,0,0,0,False,7023089488813999109,False,False,False,0,MS4wLjABAAAAjwQHGMTtkKIeYTS3TDsEckR95igXISYEu7_wlp3xr-Dd98d3HLLsWSBmNnsV44oo,False,0,False,lala_bodyslim,False,1698631071,1698631441
11900,4513,2792,0,15700,15700,66,0,3,3,False,6979429551722628101,False,True,False,0,MS4wLjABAAAAcCtuDeYijTtNWhMUFt3Elqp1N9mDK15nENogp0dNS6YMGh2ZarZSBo76U-xxMa7b,False,3,False,docarmovilma7,False,1698631071,1698631441
8,1028,44,0,7,7,1,0,0,0,False,6620605942688727045,False,False,False,0,MS4wLjABAAAAan5hNe4lhhdQBjgQOlbq9-k_rQH4Orm8PYSAaGVqyl6heIAqjPVbFvtPzKIckLk9,False,0,False,laneah_backup,False,1698631071,1698631441
312,5133,819,0,880,880,65,0,0,0,False,6916642476975653894,False,False,False,0,MS4wLjABAAAAn0ybQ6LuETufImA_mUFZswKfDi_qIN2GJaM43RxUnby6sTJ9gXjOfmxdMjJxltcD,False,0,False,eligetuestilom.v,False,1698631071,1698631441
0,4887,78,0,62,62,1,0,0,0,False,7295539953038476290,False,False,False,0,MS4wLjABAAAA2ktx3TD2lUf9xv6KjGWNVup0AJBxsYBg2ckqtu2nvpJ6JtcvO9U-XofnSrtfnVTk,False,0,False,rzx901,False,1698631071,1698631441
11700,35700,1471,0,48000,48000,84,0,3,1,False,6782681067096130565,False,False,False,0,MS4wLjABAAAA5MJ34EyybALgBX26owIMsxcDHD1ykarN_1zTcjGniU4Y6e9pYQhM6zpI3kfxrWNW,False,3,False,zorlusefacan,False,1698631071,1698631441
1,12200,25,0,523,523,11,0,3,0,False,7225777773993821189,False,False,False,0,MS4wLjABAAAAX4-KHwmrLI_lHUFrnRuvORg8IWWO2djWpyjlFehu1pTuKWy5qeQunsc5CXrOqck9,False,0,False,sulaiman_506,False,1698631071,1698631441
152,2396,267,0,1096,1096,9,0,0,0,False,7293214885210293294,False,False,False,0,MS4wLjABAAAAdhpBhkELIT2dt8-4R_yDnVZm9fE3qqTaDTJM6HPAy7sg2XwoJ5W0zbfIZAnSE2oz,False,0,False,3reyna5,False,1698631071,1698631441
0,3898,19,0,29,29,1,0,0,0,False,7295552720039150597,False,False,False,0,MS4wLjABAAAAyDnhnsoOIU9K9v7Gxidw75WaW8A_yAw6GN_fJs52NV99CyD1Cm98-Jnv8SY0omYu,False,0,False,rzx933,False,1698631071,1698631441
46,38100,5,0,2,2,1,0,0,0,False,7283515172021699590,False,False,False,0,MS4wLjABAAAATjjf5y3CIVBwt6jfXOwLZEIClJ4bxeX6-2ZHS-BqgStc5UwcYLbsHSgZYyu8Q-3t,False,0,False,snxrlzzz,False,1698631071,1698631441
25,1133,37,0,39,39,1,0,3,0,False,7270269891154871303,False,False,False,0,MS4wLjABAAAA6i_WI3Pj44URIckUvoJAN9vMOCbiB32ilvHXg_IebxZmIYhDyQCYa60z0yJX79Dg,False,0,False,jkru17,False,1698631071,1698631441
94,7832,214,0,538,538,35,0,0,0,False,7274426279775634475,False,False,False,0,MS4wLjABAAAAGUO2R_FxW1V9FhybIxm-y5Vz9txVCV1uteSJZcjSFl-kOIT48-XqKMBYbraQ1CiG,False,0,False,gabrielcertelli2,False,1698631071,1698631441
2668,69100,7868,0,407600,407600,429,0,0,0,False,7263591606619915296,False,False,False,0,MS4wLjABAAAAmPTxL3iZWmw7ygNLcCE1IVwdu2BbyprA5FUy6KiXi7k5mgkos5WP73L191aIuJZp,False,0,False,angerausagi1,False,1698631071,1698631441
4688,9877,45,0,141,141,0,0,3,0,False,7227958841809355822,False,False,False,0,MS4wLjABAAAA6lqJ5-PvUaoVxdf1rqjz6L2XcDr4kWDOjECn1DSxwCSuBhxCJSw2Gz1KJLRVytJk,False,0,False,babyrioo,False,1698631071,1698631441
22,991,7,0,113,113,2,0,0,0,False,7295528798462837802,False,False,False,0,MS4wLjABAAAA4qVBraeWfnYfkOaGNBxFBdQ36WG3t5eEkGirjLDyk61Z4QcRitHXCPcgXTT_l9ut,False,0,False,siooty,False,1698631071,1698631441
346,6243,95,0,997,997,55,0,0,0,False,7262899122936005678,False,False,False,0,MS4wLjABAAAAA6OPeH4dWu7n4DWW6YkNL6tM5XfKS1TFvAz8WLoNtarsZulLGaKlSGLZ10B0iJFs,False,0,False,duraidanka212,False,1698630845,1698631066
7328,1218,109,0,1969,1969,9,0,3,3,False,6542160,False,False,False,0,MS4wLjABAAAAmMI99kflgnEio3yyqqPkXzukgoCt28zQP5qsS8wg9Z8,False,3,False,lexiahanserr,False,1698630845,1698631066
69,710,31,0,656,656,4,0,0,0,False,7292574841038292014,False,False,False,0,MS4wLjABAAAAbTefaJSVrjZ2M5YMR0geoF2_YbKjaIrt6Ge1SbtCKV2N-6G4AD-AqIWHLc_IGDhU,False,0,False,charizehortmann,False,1698630845,1698631066
152300,75000,9486,0,318300,318300,405,0,3,0,False,7044454240715113477,False,True,False,0,MS4wLjABAAAAsoHatG858e9XglhEO960GEpiotino0bw1lA88FPxzMtihGyn0H8ldmH1ypk3tVfH,False,0,False,rabingyawali139,False,1698630845,1698631066
0,38000,0,0,0,0,0,0,0,0,False,7283514946376729606,False,False,False,0,MS4wLjABAAAAsHrtbietBrAz9YTGvxWgsplzyqKyO4kvyP2uwatnq15FLdhfcjqm2P2I2nJfYYdK,False,0,False,dorothy_turner69841,False,1698630845,1698631066
0,37900,1,0,0,0,0,0,0,0,False,7283514974911054854,False,False,False,0,MS4wLjABAAAAWPDJGh-Gjq2wGGtCWN2lm_iB7ySO2DNhGo772l6jO0eDN4b8-G0CcgMgrltBNxvg,False,0,False,kasztanokej,False,1698630845,1698631066
40800,53400,63,0,257000,257000,180,3,0,0,False,6809134367681446917,False,False,False,0,MS4wLjABAAAAzLcu7pCxuMCs1i6H9fMkO2MkASYoWfTqstZ4I7v7X2uPAe8TK_XrLIJxi4_nZEQQ,False,0,False,lina_q_love,False,1698630845,1698631066
7,10300,1,0,6088,6088,26,0,0,0,False,7289972714520216619,False,False,False,0,MS4wLjABAAAAei1MhIE-mHDl0UoKQdqAHJQRcc4bMpBjlUfsSg-5PGz7UdF0coKR2c2WSKBeWLPh,False,0,False,restoration_car_u.s,False,1698630845,1698631066
463,1079,89,0,22000,22000,2,0,0,0,False,7067330812552020998,False,False,False,0,MS4wLjABAAAA-SDY7AGGykg-E9PkTNZKoVqgDznt-gvJ6-Mwlc_r8Glj1ILnwgN02IboWtpILJ2J,False,0,False,pdrao_andrade,False,1698630845,1698631066
33,1862,47,0,0,0,0,0,0,0,False,7295162635614651435,False,False,False,0,MS4wLjABAAAASObj6LxYZR4R5IOylXAYZ0C67qIxWnjQAoqAoC1OCx2ECjB7AxzRAeE0cWklC_za,False,0,False,thatdudelc,False,1698630845,1698631066
4640,219400,9999,0,725100,725100,437,0,0,0,False,7130198462415078443,False,True,False,0,MS4wLjABAAAAKDJQBU4Va0yaZEXBRASMI2Qs8nEK1IkPnxwifO87F3E0wEZhnmzxL2vt5xDBDdPZ,False,0,False,kem_kel,False,1698630845,1698631066
5259,1415,244,0,10800,10800,1,0,3,0,False,6610388172855951366,False,False,False,0,MS4wLjABAAAA1sdvCc8vZeYdbbSkUEDfJKU1xzF-raycIAw4hD_-Y3Crml5QJkHoTUq1cyxtFwrA,False,3,False,joxrd__,False,1698630845,1698631066
6451,7118,98,0,12000,12000,4,0,3,0,False,6611312971258478598,False,False,False,0,MS4wLjABAAAAWtV8s3IrnomtxEINQ4H867PCuFHTAXfukid7ios5LBYSeget_99d_mPgqgIw4xZ5,False,0,False,cagataymirogluu,False,1698630845,1698631066
6,1031,0,0,199,199,5,0,0,0,False,7287609920035423237,False,False,False,0,MS4wLjABAAAAsuBD5CgbQqWE08jmThjy6hIIjgbUJCV3omTyiyqGL_R6My-WpLE9x1k21C-5_MMM,False,0,False,andreepht,False,1698630845,1698631066
140,768,50,0,1867,1867,29,0,0,0,False,7224201142082241541,False,False,False,0,MS4wLjABAAAA67zyHCsE5GLUZuv5FApsKt2d6vzzZA3q3uXNM5cZd63pf9ekT-nlBHcpYamfcdOs,False,0,False,aidenlooks_pookiebear,False,1698630845,1698631066
82800,4185,84,0,134100,134100,32,0,3,3,False,6753914605058540550,False,False,False,0,MS4wLjABAAAA-ozNMGPcyUTZr2sXRDQ3r7Bj_mcNV0CZ0LUEAnD878qU9GlAfpW_iRD-ZJZCSniY,False,3,False,plu0,False,1698630845,1698631066
9,6572,38,0,408,408,12,0,0,3,False,7295398298679067681,False,False,False,0,MS4wLjABAAAAS1F-KwDYeXs0pM5rPQeP4_wT0vhg8viyWivp_3NsrrQ01otBsn5v7lFEIhl5njPH,False,3,False,bilal.fba,False,1698630845,1698631066
1484,13200,1181,0,20900,20900,140,0,0,0,False,6691026442514760709,False,False,False,0,MS4wLjABAAAASOBxVKBfiv2bRoj7edTz2FsPDIBOjj7Qr_U66vDjrxQiTjo2nOiUGOoB7jyAxPmL,False,0,False,boogiel0u,False,1698630845,1698631066
6521,1177,135,0,2921,2921,22,3,3,3,False,6573000977811963909,False,False,False,0,MS4wLjABAAAASCcWU7ecjUbXgYuAQJv0r9PJaoJ80wzF5-ny35NOdtAkkolFdGdQMkpuao1d8nOn,False,3,False,gizemogretmen01,False,1698630845,1698631066
607,7680,383,0,89,89,3,0,0,0,False,6777430047664112646,False,False,False,0,MS4wLjABAAAA2BmZsiuVtVUB0IFNzrXw4aqbcN2esaE3upAulXx0hIZyxu9TQUOGx12q8LWfHmHp,False,0,False,tamer821696128,False,1698630845,1698631066
194,38700,7083,0,12800,12800,86,0,3,0,False,7108956883465389102,False,False,False,0,MS4wLjABAAAA0lyW1f8lroEB0bEqK2chuOZWJDkCabAd1Ew2kjyX7Z5marf_QrX0VExP0cYtSFJc,False,0,False,bestmorente10,False,1698630845,1698631066
90,1061,99,0,171,171,6,0,0,0,False,7295546180816405547,False,False,False,0,MS4wLjABAAAA0LQi_vi2JSOloVzEa0Cc5o25SnY_JABrQFMC0YvQdE7J1MdaJWCbnTwzm9l0l3gy,False,0,True,dayray4.0,False,1698630845,1698631066
2597,10700,4801,0,2787,2787,73,0,0,0,False,6934910053486150661,False,False,False,0,MS4wLjABAAAAzSZ2xqpnketJwOBvHIC8NqPylJH97C-_t0mkom-gjY7PnCy3rbNf_TMOYQsmw6s0,False,0,False,victorgarcia502gt,False,1698630845,1698631066
3131,11500,3183,0,39100,39100,1772,0,3,0,False,6891096894572397574,False,False,False,0,MS4wLjABAAAAF7CiYrBBcgEteeYio0-VMCuwmQ1SYKFuPMPNShYqVhbeXOK355kpLv_qO0tazZe9,False,0,False,adelaking10,False,1698630845,1698631066
5,2495,5,0,40,40,5,0,0,0,False,7280596523775427617,False,False,False,0,MS4wLjABAAAAqqv8QO53Sku2Sjep6Yeda9UcBjFvkXJhXPSWMnT2uWvtNs8K8GEU0FDGI6wrePqw,False,0,False,kingfarray,False,1698630845,1698631066
879,12700,53,0,42000,42000,15,0,0,0,False,6993850162758616069,False,False,False,0,MS4wLjABAAAA-Gf-gB6hAk2U_wV2MKNrYJsBM2MCzVAM-muIVBdIVlP5Jd2zTq8f5x9EDpxMzLHw,False,0,False,cj.eracing,False,1698630845,1698631066
0,10200,0,0,14400,14400,17,0,0,0,False,7294266586088145952,False,False,False,0,MS4wLjABAAAA-2QO4e6ppW9SrFTk3urEjXm5SzKa3appeW1iDX2WfKFaP0XkbPnO2gxtIBZc05jR,False,0,False,cop.england,False,1698630845,1698631066
83,2785,534,0,11600,11600,92,0,0,0,False,7236852788046070789,False,False,False,0,MS4wLjABAAAA6eaCZJKtDiYHPgdX8yc7YNgvXPfjpj-KYiIaRLdB64ruQkQKRwK4bOXAuEjuT9LK,False,0,False,waldsonmorais4,False,1698630845,1698631066
2,1277,0,0,1047,1047,39,0,0,0,False,6953050118979503110,False,False,False,0,MS4wLjABAAAASnOmzY5oOBZj9VhtSpbtFLqj0PYfIgAX32-Jf6LVkqobBqp7HOTL9wnZHvqpx9dK,False,0,False,pensamentosdavidadiaadia,False,1698630845,1698631066
3361,44100,113,0,2600000,2600000,925,0,0,0,False,7239844463332508715,False,False,False,0,MS4wLjABAAAA9mP8SaNrp9darpHD2SwCUOsUyLQgnRFNABt_uyDxjHzaCP7GVfhhOMZPAetE_zXj,False,0,False,ironjuliono,False,1698630845,1698631066
9,3270,90,0,60,60,2,0,0,0,False,7293764197787599915,False,False,False,0,MS4wLjABAAAA27LBQgcOLXzHXebDfTi5FFOeCRzlBOjqUUzJQvyfGBUlgilXUQ7nLHX_QGhga71p,False,0,False,aaron.in.hiding,False,1698548564,1698630840
1577,1400,85,0,2018,2018,43,0,0,0,False,7215735644299019270,False,False,False,0,7297582966053931781,MS4wLjABAAAAFhJsSDF3YY-bvC60_za6Ek0uRcysdapaJUx9IiysVYQC-q_5UpminyNxH6a9RL58,False,0,False,bran.caff,False,1698548564,1698630840
627,4978,29,0,0,0,0,0,3,3,False,7094327360881427502,False,False,True,0,MS4wLjABAAAAlqNFQ3nwj_e5H41GYi5HoKPXMn0Cd8h2Cs_xtxDzyLp57UrV3YK1nCZjHPVj07Nz,True,3,False,flori_ny,False,1698548564,1698630840
245,102000,12,0,427100,427100,225,0,0,0,False,7145693359406072859,False,False,False,0,MS4wLjABAAAAS5aSkTOl7Z1Rf7JWudrtRYKgD_avLVdZ3sZDRYfkauDb7RMTYQ9PtnBWWn6tq1uH,False,0,False,pharmacist.ponpat,False,1698548564,1698630840
9680,26400,9448,0,11400,11400,12,0,0,0,False,6748953962047112197,False,False,False,0,MS4wLjABAAAAw1w-TU2XXLEEPg_N9Nqv2MEQrMSNi5jD-MqGVrtArkJFn2_vLrimWTjy6YNN6x2L,False,0,False,badasswelder101,False,1698548564,1698630840
2960,3965,966,0,1675,1675,8,0,0,0,False,7180897454984119342,False,False,False,0,MS4wLjABAAAAUWyvGnZwIMK0GPKztg16c8xk68cm8ThRbjCWlDWSyWwYdm1VvXkYWdabP8pv0t9v,False,0,False,riot._vr,False,1698548564,1698630840
1317,7360,141,0,24200,24200,238,0,0,0,False,6931481190278071302,False,False,False,0,MS4wLjABAAAAzcYI5Ji5urd6EL8MM0_mx_6rAmVDG7ktMrhO0i5kUjDltRUfWMVehUXthmKxlR19,False,0,False,zay3130,False,1698548564,1698630840
7463,7239,83,0,58000,58000,44,0,3,0,False,6959995769585107973,False,True,False,0,MS4wLjABAAAAWrmjuxYGTv_U2pLHbCo-rew05sH00sx-eAgLQahNXdvjGr6XE8B4pD8EM_RIZK9D,False,3,False,moktan_99,False,1698548564,1698630840
4037,1477,146,0,2,2,0,0,0,0,False,6748224338329682950,False,False,False,0,MS4wLjABAAAAous3tboqmnpDUXXRJflb0XSN0N3sLmcBu7J0tntnaFvg_Z6Wecw50W3I7aOMdc3X,False,0,False,jacobtannerbarb,False,1698548564,1698630840
1133,1154,354,0,1869,1869,0,0,0,0,False,7220817311102649350,False,False,False,0,MS4wLjABAAAAau_9HcgEsHkwmIqXW8Eo3aG8bpBAu252Kr_Tpj1uGJ24WNGK91foDpiCfpLTSN52,False,0,False,shahar.berkovich12,False,1698548564,1698630840
55,2640,247,0,458,458,24,0,0,0,False,7294329897026143275,False,False,False,0,MS4wLjABAAAA3FWyu9i_pioUG3PZ_TiRitiKyrmKbS7hItZko9tkmX4PY7CkDIFQJNy5TWydtTPB,False,0,False,djmainy510,False,1698548564,1698630840
9529,552,158,0,503,503,6,0,0,0,False,7139630631336592389,False,False,False,0,MS4wLjABAAAAtceYsjkor_WE4ww81QOBTY9pni9pak0g7RECMouujm7BpgqY97EBPfgCslxdpUxP,False,0,False,patrickortiz62,False,1698548564,1698630840
326,3130,195,0,572,572,14,0,0,0,False,7295108231280886826,False,False,False,0,7297668917613431598,MS4wLjABAAAAG7hmRjyM89S1rUGVaqJ0iM9eGNJI2bAHioZSUloaAkwaJuvKPJhtJPBBo_XcLci5,False,0,False,junito_montana2.0,False,1698548564,1698630840
0,999,35,0,13,13,5,0,0,0,False,7286894313747792897,False,False,False,0,MS4wLjABAAAA3s2qv6l8yGf9WGD7Saf21FWNiab0hl0APVOnqqEGNp1zaKr3amaKXOBQYaIs83OJ,False,0,False,onepoint2030,False,1698548564,1698630840
3,1017,4,0,59,59,1,0,0,0,False,226660741532336128,False,False,False,0,MS4wLjABAAAAE3j4T6901OQ0gkZub93G-ATY-IvLh-C7Vo2sGhUaf3CVYLtOUQXKZAB65XHTnyxC,False,0,False,latamalitoplays,False,1698548564,1698630840
14100,1180,37,0,25,25,0,0,0,0,False,7134449378198209537,False,False,False,0,MS4wLjABAAAAaydaiD8l1RE1euG6P8H4lsH4Zv66Mt5TTSK-BPJ-TFIOIHN5_Nsy7qTJnSuwW0gs,False,0,False,aga25.1,False,1698548564,1698630840
19200,1150,151,0,1075,1075,21,0,3,3,False,7036507339440604165,False,False,False,0,MS4wLjABAAAAN8Y4T1gg1F9i-RV53pTW2mr-c2VdwbRrfSBpN5PFmwXEDDcQwY4KGrMKR8LDbcEK,False,3,False,alexnicholson2828,False,1698548564,1698630840
832,10500,6547,0,24400,24400,147,0,0,0,False,6926637997673939970,False,True,False,0,MS4wLjABAAAAvcYEG77gdNYNGREzcVfMNrB95Fu31N6mdlwPwhjtx-9xd60Knu1SMPPVqbc1hggw,False,0,False,user73l203p9zx,False,1698548564,1698630840
529,446400,185,0,17700,17700,22,0,0,0,False,6806887156700808197,False,False,False,0,MS4wLjABAAAAce0jBy5vTX9QmEKxZuCC-T3eRkJtgusF-DbcP0YFFaSiHa4IsXDAxRQ1z-5bXTxB,False,0,False,top.saudia,False,1698548564,1698630840
46200,8595,185,0,51800,51800,258,0,3,3,False,7095185810161632262,False,False,False,0,MS4wLjABAAAAiVFzk6NIynDMtpXkXMaAj5WKBE-rCRH0G-WTv2dv56dsEQv97URVLM3klJWaIFFW,False,3,False,lucx.501,False,1698548564,1698630840
10,1018,21,0,62,62,6,0,0,0,False,7291825004524864518,False,False,False,0,MS4wLjABAAAAbsSErMqcM9pzycbZcRIf_vAQs_x0iY7HF2Yukg9EGdQ9GReJdgyFE7ELFYxZj1gD,False,0,False,taynaranny_,False,1698548564,1698630840
145000,49100,338,0,968000,968000,201,0,0,0,False,6789686390637675525,False,False,False,0,MS4wLjABAAAAAxKMihxIwj33FPWaO8NyBnWf4AUxn54j77Ef5CmLRzge9lt4wIhUlw5xgkxp9eAK,False,0,False,taydriannam1,False,1698548564,1698630840
73,2109,101,0,133,133,49,0,0,0,False,7292491118401979397,False,False,False,0,MS4wLjABAAAAsQyAyzICwozNwaTLxDA2SJS25TPskuEjSxpHCJKdCGjD8-0mUm-_EpnkU4_s42zC,False,0,False,patttjoyal,False,1698548564,1698630840
145,1653,46,0,2865,2865,10,0,0,0,False,7040634567199704110,False,False,False,0,MS4wLjABAAAAQK2cn-_i5fp1vgXC-aOV4ffCl3-tTr6z6mL9iN5ej7N__EAN8oSoTlRzslYxvdb_,False,0,False,lamulattadelosojosclaro_,False,1698548564,1698630840
154,139800,26,0,363900,363900,276,0,0,0,False,7098583719066289179,False,False,False,0,MS4wLjABAAAAJCp1-505lQ4jvpxbuAnPgaaBJko9psNnqfpRqr4F5XmJmN4Ll612fcVCuEZ4JV1G,False,0,False,smomclub,False,1698548564,1698630840
0,11200,0,0,9832,9832,35,0,3,0,False,7265272316442608682,False,False,False,0,MS4wLjABAAAAqQHHq4XYPNTZSXB99va1653iDenQd-MqpHV6F9YJSJ_fN6uCKbTPcdhkcUkj6u3F,False,0,False,bodycam_police182,False,1698548564,1698630840
7,5038,12,0,43,43,16,0,0,0,False,7295181483364418606,False,False,False,0,7297699940644457258,MS4wLjABAAAAjcw04cVwfKH7ySg-eysvpmxwMMZpRGJ9sgoRXe4gGa6vxRN6As1md4mkpCQThS2Z,False,0,False,samitam15,False,1698548564,1698630840
2121,1545,2134,0,21000,21000,43,0,0,0,False,6826126236218770438,False,False,False,0,MS4wLjABAAAA9U1F9w4JGS581WWKf2eJdSXv8J-36zoeZD3ibfvnGHyeyt3NDm7zuTzZ9yWSZFlR,False,0,False,alfailkawi27,False,1698548564,1698630840
2005,98700,41,0,345400,345400,24,0,0,0,False,7202480476644115502,False,True,False,0,MS4wLjABAAAAX9Vosne1KqUWlLPY3EVOjtrydnTiuKuRaQD55a983EozmEeaztuxFk_MrWq9Vrxi,False,0,False,kimmie0051,False,1698548564,1698630840
239,8190,180,0,1402,1402,23,0,0,0,False,7294321904494855214,False,False,False,0,MS4wLjABAAAAS5bH5rQarhiCpHWDVK7gd2AVt3uo63Hh4C0zrT0sqYIe-ziXoqSGvY1sKQ0q7Rp9,False,0,False,mikey120633,False,1698548564,1698630840
7200,161000,214,0,255200,255200,82,0,0,0,False,7031757064318665733,False,False,False,0,MS4wLjABAAAABK8mahUQ1LLu217QvGMy80Zszlu1iNuY4wzdDcNe1I-T_yagizVeHaOhxq5BYkmN,False,0,False,oiyjenny,False,1698442518,1698548532
0,9785,0,0,0,0,0,0,0,0,False,7283514792030241798,False,False,False,0,MS4wLjABAAAAoSHiW9Hcn0n261SbfiiJ09c4wcRnsDbqCRuI0fWiPDk5gs_UoYpLNMmIei2qoK9K,False,0,False,pelmenuua,False,1698442518,1698548532
0,9598,0,0,0,0,0,0,0,0,False,7283514762062873605,False,False,False,0,MS4wLjABAAAAmJZ1pEj2Yw_6c5Zee1hcxyi-ST6pAYnVpNuChxdWPtviHHHcB7nnCEoaAaKwTefD,False,0,False,nancy_white11919,False,1698442518,1698548532
3715,10700,740,0,6869,6869,123,0,0,0,False,7266582869047378990,False,False,False,0,MS4wLjABAAAAG7k5ZjBOsUQiXm5GXGY9bGou4H_Nfyoc2awc4bjrMNbjXjOwsWJpnhdiLHM2ORxe,False,0,False,sportswithlo,False,1698442518,1698548532
44,77600,3332,0,23600,23600,6,0,3,3,False,7123593339530118146,False,False,False,0,MS4wLjABAAAAvmpU_kqM-_jvpPgjyJ48nDXYNpQ0qt-rYzMWWQjcTBdkzfa25U4n_Q8YUJzlxLyj,False,3,False,kyg_____,False,1698442518,1698548532
0,3277,0,0,0,0,0,0,0,0,False,7295075128693097477,False,False,False,0,MS4wLjABAAAA-PEwZtlf47kKEchQGwtDEZLcqNNYumPvK-3qdKXfA9ddSBxU7hSFtjtqZkHJ4wt1,False,0,False,lahan.dj,False,1698442518,1698548532
3658,200000,53,0,30200,30200,188,0,0,0,False,6912336606838522886,False,True,False,0,MS4wLjABAAAAjurxn8dDhBF-m2uMFEOWz8KosLZ02D2v6pslf49fLuFfr8GGX6LCojCXQxoieGNh,False,0,False,drpkhakadze,False,1698442518,1698548532
325,24700,83,0,2626,2626,42,0,0,0,False,7189617472022184965,False,False,False,0,MS4wLjABAAAA_zB3itUSg-rM0E_my7lEgot2poI8t0w_eTFsctIh1YmGo83yvI_Eo-LAXchIqIRz,False,0,False,massimo9583,False,1698442518,1698548532
1282,2520,126,0,59,59,5,0,0,0,False,7046170112210912262,False,False,False,0,MS4wLjABAAAAfGJITXs1WCmL9dkwhlM_NPwgItCHOwCv4ag6meT_L5CzAO1JzvG1P7p7AR6vFSsm,False,0,False,joibelle29,False,1698442518,1698548532
374,4263,2345,0,7521,7521,609,0,0,0,False,7231962046761141254,False,False,False,0,MS4wLjABAAAAvk__qwZRnnGkaDnf_QZ2ES_IJvL7-_2ArF6Bhov2GlZc7ANeT5ccO74vtbGwDVDQ,False,0,False,pastor0258,False,1698442518,1698548532
316,14500,564,0,17500,17500,59,0,0,0,False,319738921322536960,False,False,False,0,MS4wLjABAAAAlf22WC9vWik6w_-W9eF7szcwwc8bEwbQST5KvCrYvAf4jkEiztI4PNelu0n7ctbn,False,0,False,shay3_4800,False,1698442518,1698548532
1415,19200,306,0,21100,21100,171,0,3,0,False,6885543347777422342,False,False,False,0,MS4wLjABAAAAtWKAgKdkMdWYI3goAyCHlUcHI1VkeO8o37Tua_ILWhLiLwxE6b36tvjgcqPKPEHg,False,0,False,nereitajustiniano,False,1698442518,1698548532
10,1123,167,0,36,36,0,0,0,0,False,7249134902045770798,False,False,False,0,MS4wLjABAAAAkciWTLQgMb30YCDMn_YgOcY1q3lhlbbvUHMKBxC9vybPMn3DNanO8fi-g1g0mczo,False,0,False,moee_615,False,1698442518,1698548532
21700,31400,3741,0,51100,51100,54,0,0,0,False,7131785889575846914,False,False,False,0,MS4wLjABAAAAniJfx-t-Acug_x-5uxNAA7OQoDCEfL_ZiQWaUmth2RI8b8H0ZZOVK8GwSeVeuKIZ,False,0,False,vip..2200,False,1698442518,1698548532
0,1062,0,0,0,0,0,0,0,0,False,7294634954738058246,False,False,False,0,MS4wLjABAAAAmDg63IG4pUSw5cxHOP7UAgihsN9cCGaJ8IzJNzhesGOH_bEN5X74nDAgRkINZFvl,False,0,False,patriciaa0009,False,1698442518,1698548532
1974,11500,47,0,20800,20800,8,0,0,0,False,7150534925914637358,False,False,False,0,MS4wLjABAAAAlMYhEt5sBTeeCwGWEdw-CnEIO7xyDWxrUR8ar3sFTiOp1bkWO1jgH2lH5VY-BeiV,False,0,False,estimeleanne,False,1698442518,1698548532
15000,10300,343,0,1210,1210,3,0,3,0,False,6624525270677176325,False,False,False,0,MS4wLjABAAAA5nsULKHPQEHfXGT00jd6aqC9VvCd4UKcGIUMXICMpwTe-TWzIzE6RNOYCaWYXWNl,False,0,False,r.v1s,False,1698442518,1698548532
5,2507,30,0,0,0,0,0,0,0,False,7198751751281050667,False,False,False,0,MS4wLjABAAAAxRpGPQGQWaVftYMvh8OGJdO5Te7KDwsDFkB8CIImr9-Ah5UUv-RPnft88oIeUheF,False,0,False,nick_of_the_world,False,1698442518,1698548532
1330,5471,59,0,39700,39700,150,0,0,0,False,7145270017961477166,False,False,False,0,MS4wLjABAAAAorzDZaz0nTvUsHWSyAhBD257Qg1YJz5wKPaUOV_Ey26i6Tupy7jtMR2Gy69raEH7,False,0,False,humbertomartinez712,False,1698442518,1698548532
44,5223,73,0,5382,5382,19,0,0,0,False,7113398396439168006,False,False,False,0,MS4wLjABAAAAh5NlG-oGzskPuUQiqid8sko8kB_Q0S7PHRVr_1pULg0mXdDLaKJq4dhum_iTRoF4,False,0,False,kode.tv,False,1698442518,1698548532
3495,398,733,0,675,675,13,0,3,3,False,6864572349481337862,False,False,False,0,MS4wLjABAAAAw0UxTOEmn7f4dqwee2cywadFzoCJKreQuJENMGA214GjLECePFAqzB44Oq21G69k,False,3,False,69.qlexoo,False,1698442518,1698548532
1834,4652,3,0,7266,7266,15,0,3,1,False,7172699669356135430,False,False,False,0,MS4wLjABAAAAAokmS0UuXNJJOr4Z-nNQqwcWpiDT-u2jjZcp5aG-xckjlnrL7p6QN1e4Y8fOFlfp,False,1,False,pmelasantos94,False,1698442518,1698548532
11200,2637,42,0,106800,106800,8,0,3,3,False,7053158329246057474,False,False,False,0,MS4wLjABAAAAtd6qSQmMsMFAvjE401zP1Ktv_oVi43mVlKih16p7geTtsyhPSJJWmbnygv8YmJrz,False,0,False,thexediz,False,1698442518,1698548532
1387,663,632,0,2541,2541,64,0,0,0,False,6927087349382988806,False,False,False,0,MS4wLjABAAAAHFuBFGZbRBSiCLwxSu8skhVUvrwt-Df2NNrNtIPDP7FJ7_k1G-4Immyo1hG_Mgcz,False,0,False,lee_0193,False,1698442518,1698548532
8438,1677,1,0,1397,1397,0,0,0,0,False,6791895043092972549,False,False,False,0,MS4wLjABAAAA_6fuj5G87LUEyvAX9GL2x11Gv0K_Whv8EtIFJ4UaMiu1GcjEYVvDaSgWmRYNCoix,False,0,False,letsplaylivegame1,False,1698442518,1698548532
347,1104,14,0,697,697,20,0,3,3,False,7103923951186052098,False,False,False,0,MS4wLjABAAAAJjkCADYPaAmvKMbBHXXhDODIAlTmEFIljrGeKE-yVzmrvVEm86dO2NR2ctYnoPKn,False,3,False,itsr376,False,1698442518,1698548532
16400,105000,9438,0,27500,27500,276,0,0,0,False,6894930694276269062,False,False,False,0,MS4wLjABAAAAZe1zETOz363RPqpcwLvSFHEX3JUfE5wPzgM5koMLWCBsjScQVvDVhUDE02zN6h5a,False,0,False,dr.j.gerard,False,1698442518,1698548532
0,1030,0,0,0,0,0,0,0,0,False,7294748023861871624,False,False,False,0,MS4wLjABAAAAtX0EDz2PSo2fu8XMFa0SAigSyoXcaWHK06sexOCteTgdBSEbStsB5bwM4pUaPahT,False,0,False,mler,False,1698442518,1698548532
48,1302,102,0,1273,1273,12,0,3,0,False,6812673314918810630,False,False,False,0,MS4wLjABAAAAYHuiHAtaBRk4bJbtm0lD3xS8mUIIgESBPouLXJQq5aVi1Of2fTdHUOPqGcb42IJ7,False,0,False,dicaparaorostoperfeito,False,1698442518,1698548532
1690,1035,4,0,1899,1899,4,0,0,0,False,6799350923853546502,False,False,False,0,MS4wLjABAAAAVHBA_GbrSbap5TUh2hMnUdDr2LlRjkMfy4pJbeQ3HPzG_gtfe34q7S3_q0LGQCB-,False,0,False,briellefindss,False,1698442518,1698548532
1748,11700,214,0,122400,122400,116,0,3,0,False,6786794004002587654,False,False,False,0,MS4wLjABAAAA-_hG4UoSbLQTAFoHgpBZFYI4GzqycD8hbE0XHpjxlRsa1wJvKnll3zRSI3bhkt7w,False,0,False,tashidelekcuisine,False,1698442022,1698442465
33300,101600,9965,0,43900,43900,36,0,0,0,False,7164258508990055470,False,False,False,0,MS4wLjABAAAAdX-lISwQYh6j77R8mnIXXF5ZdACNBs6Iiaf98kxMeAmLPvUsHd7U4jI-HAJtM2kM,False,0,False,priscillakd,False,1698442022,1698442465
445,10800,44,0,23200,23200,8,0,0,0,False,7265799184329458693,False,False,False,0,MS4wLjABAAAAMw7zJl64EPaDkBfwWJzkgqlL4TGcUTxeMSfuDDhqmNUH3nrkX8YOtbKdOYG2KTxC,False,0,False,lizbeth.paola.gm,False,1698442022,1698442465
19000,3912,252,0,37200,37200,167,0,0,0,False,6740288976366765062,False,False,False,0,MS4wLjABAAAAU8fxJCAt71t6W2_SBaIM-tAO7T-B0Cq1jfaTkmIo0okIBRE3ayPhtXo8VwqYJeCl,False,0,False,ab_clicks,False,1698442022,1698442465
4,1534,6,0,8,8,1,0,0,0,False,7294445995683873798,False,False,False,0,MS4wLjABAAAACEtvvkFLXwXSjWVhJEpvXml1m5qDQYp9nM4HGwxyXoeCpAgPptxmB7gVG84gZjZU,False,0,False,engen_nheiro,False,1698442022,1698442465
3964,549,32,0,570,570,9,0,3,3,False,6718843716302275589,False,False,False,0,MS4wLjABAAAA35oAlbEHpfQd9E7-E_GHGrTSO8jNa6ykCoYyM1wL-N_Wt-XPiIK0MMh7ZygKKpq1,False,3,False,emiliavwils,False,1698442022,1698442465
11600,1170,368,0,1498,1498,130,0,0,0,False,6604555924081442821,False,False,False,0,MS4wLjABAAAA9Dxc5sx5ax-WfMV67rk6tYCRvjb1MP4NshiWQo5mBYFQmMvYrZkP0BGcsgc0ztBQ,False,0,False,ambro352,False,1698442022,1698442465
5708,35200,70,0,126500,126500,799,0,0,0,False,6814490383347762181,False,False,False,0,MS4wLjABAAAApGuQZ4aIVvtA2cjDfRdibpuh9g4gtRQcdGFiZBeC2cGCHLNztGq9CLaLnPktmPOV,False,0,False,davidbouletvin,False,1698442022,1698442465
71,566,154,0,63,63,2,0,0,0,False,7154634976419611650,False,False,False,0,MS4wLjABAAAAngFIN7Qhj9UrXWA_sPlepKN350RlOIQOraYyLGwjZPbhL_guF1CHHc5NXtxcKCau,False,0,False,marcellus6.0,False,1698442022,1698442465
14500,1027,124,0,1276,1276,21,0,0,0,False,6828069904035136513,False,False,False,0,MS4wLjABAAAAAhJmHkqpVdLOAN9OywElG3v7xfU2OHhLDBQp00uYKMyJebP_qaP_afmXZ0gGb5BD,False,0,False,ayishh_erkk,False,1698442022,1698442465
120,1008,35,0,236,236,14,0,0,0,False,7208822373330977797,False,False,False,0,MS4wLjABAAAA7r-PnlXNYZwWY2MK2lmCTokdIfQndNy5NJM-p8wQTiVvliArrWt1MHTXrtK9LmSG,False,0,False,sk_99m9,False,1698442022,1698442465
163800,6667,165,0,319300,319300,31,0,0,0,False,6549336697259737090,False,False,False,0,MS4wLjABAAAA1Wyfy5DnKtiYX8dOC5WGEQ9NOLgIaexYiFL2uHzc9owOZfLbCo98F-U6uq21PGAU,False,0,False,ashboyz_0,False,1698442022,1698442465
76,1006,1675,0,71,71,4,0,0,0,False,6925940155288142853,False,False,False,0,MS4wLjABAAAA-46ou9UIPaebUWD_Hha-XLplphhrGbnskjODcn49Ic5H_A61bHqq-PHNLaCxRumb,False,0,False,unbroken_tv,False,1698442022,1698442465
585,2098,78,0,2055,2055,8,0,0,0,False,7171184015267988486,False,False,False,0,MS4wLjABAAAAg3inT7Zwt7SPLm-m4NSDvA2UUHyfXZ_Vs5FotOn6MLRSz2jCI5v-TCZjIOwJWJi_,False,0,False,buisnessmanup,False,1698442022,1698442465
387,999,34,0,758,758,19,0,0,0,False,6976848981456536581,False,False,False,0,MS4wLjABAAAAhSnA0CaLXyMtSAOwry318ddETKpwkpc9xifcdknfMC8tJWL0OwbbFSuisLehp_YC,False,0,False,ketyz.xxx,False,1698442022,1698442465
1613,3621,80,0,311,311,6,0,0,0,False,7159631810116125697,False,False,False,0,MS4wLjABAAAA1Fh1oan1XuvskAUYGV4GDle7HprN6x95MF75YcpNZ99liqNTO-TL_pBGw7KsXRcY,False,0,False,ixproblemq8,False,1698442022,1698442465
21,3240,13,0,1710,1710,31,0,0,0,False,7292375147936171054,False,False,False,0,MS4wLjABAAAAfW_C_kHsAACaDBsidm-rPlBcyFT2mWSt5vPFjyKNTWR58MW2K2bi4azHCyDEgadv,False,0,False,la.madrina157,False,1698442022,1698442465
3589,512,73,0,1306,1306,9,0,0,0,False,6944010115943662594,False,False,False,0,MS4wLjABAAAAXkHhIEvYI_BbVZBsAj0LKkJur6Flqv6O0oqd4AM4GgqpnVHOoTPjRMOV6M3hOkrz,False,0,False,xox_oktay,False,1698442022,1698442465
19,1819,7,0,0,0,0,0,0,0,False,7294746848638665733,False,False,False,0,MS4wLjABAAAABp7UVycOwbhD2tX43mHpRosiDWjWh421PDBmTakI--vAsEhz3JPxZLl91DMkA_Tz,False,0,False,culluk8,False,1698442022,1698442465
355,10200,9964,0,6902,6902,133,0,0,0,False,6912917603581232133,False,True,False,0,MS4wLjABAAAA8B4mwQSO_V8jX7_YJbqacOhfiKbHB6FptK6iyRd1HGTyoL4JGKqdAvvUmOkrVfqo,False,0,False,ljentretenimento,False,1698442022,1698442465
25100,6301,2567,0,19600,19600,264,0,3,0,False,6965539420297020422,False,False,False,0,MS4wLjABAAAAo1nX0jHr8lRYJt16o0i6MYYrgi0T1La2jj_gkqQX4Bi3pBoXSXeO8BVuHUH9MChY,False,0,False,life12345.9,False,1698442022,1698442465
39,1051,246,0,1964,1964,52,0,0,0,False,7223757100807275526,False,False,False,0,MS4wLjABAAAAbzrQzP0M32kMTqnMQUSZMqg0FaYTqJyzMXIoW9-EWD5a8Ti0BEBg7V2BbyNMAPFK,False,0,False,pitstopcast,False,1698442022,1698442465
10200,17300,840,0,3438,3438,266,0,3,0,False,6667966778516111366,False,False,False,0,MS4wLjABAAAAruuOkMxIDtcIKh6hiF6CXMXu-aIf12t1UP8WhvzvT2MhtBLoTPIQUIJbuFQkIYrH,False,0,False,eliastachlop,False,1698442022,1698442465
2060,8450,8510,0,5958,5958,76,0,0,0,False,6836107614012195845,False,False,False,0,MS4wLjABAAAAwO5bnEoGq0-OMywwluU4aOK6fEXTdAnYiJXeew8O4hkR08arm6l1AIbYpEtoGW5w,False,0,False,nolo_pescadito,False,1698442022,1698442465
89,6007,7,0,4284,4284,6,0,0,0,False,7294692406809347114,False,False,False,0,MS4wLjABAAAA3AUjx4FN77-vcbsopEBveL9IxXbkrU-aT3mSKr6BupF95_0VWxrTUWYbQD7yZT0M,False,0,False,psychofacts70,False,1698442022,1698442465
27200,966,178,0,3484,3484,6,0,0,0,False,7122056389694342149,False,False,False,0,MS4wLjABAAAA-IsTwFjnOnoU6duK5-X8jeCnt_hlS29ls3-d4Kno5dhd3YXaD_C80YUknzzdnrBM,False,0,False,_sb.rtm,False,1698442022,1698442465
443,1465,362,0,1318,1318,16,0,0,0,False,7266552627075662854,False,False,False,0,7297701687863102214,MS4wLjABAAAAuFJ-TJMmGfhBa4BUcdS945KDy4ESoRXJ0rrs8Sn4mM7OqQsaRAQ83DOL-GSY_6Ko,False,0,False,visarhoxha30,False,1698442022,1698442465
968,1287,304,0,2812,2812,17,0,0,0,False,6759624600105681926,False,False,False,0,MS4wLjABAAAACFAvC0ap-SVWNB6m6Qr2L3Ad_K1XYRov5he_zLFFGpbwmo3Hqv9qcZbHYhEQOlpt,False,0,False,mayestro229,False,1698442022,1698442465
1964,3316,411,0,303,303,13,0,0,0,False,7014944219107623942,False,True,False,0,MS4wLjABAAAAFsfE1zsCXXjhnLcPhzOV0_3CC15ayHZPmDLaywlYN4jaf9DbqKQIEWnNv0jh5uTt,False,0,False,anupras4,False,1698442022,1698442465
0,341,6,0,664,664,25,0,0,0,False,7289201354488775685,False,False,False,0,MS4wLjABAAAAndqNFVnvv94EuOkr_rNnYy_T-irD8SNfBI8Kfh2Yw4Jd5oY6S3Qk--eJoTo7gPk2,False,0,False,geoproyectos,False,1698441734,1698442017
8912,7938,6250,0,31500,31500,21,0,0,0,False,6830281676687295494,False,False,False,0,MS4wLjABAAAAjB4x4YlKEZL30vhGoeSpZwdKKZ21AcDuwEq-z6gsTxbnf1VEdOx5_aQ3hAr1L8vZ,False,0,False,vrmm.r,False,1698441734,1698442017
89,2521,21,0,37,37,2,0,0,0,False,7294107107400516650,False,False,False,0,MS4wLjABAAAAoKr9PrFXYWnsFCDhaedozfdNEZXRL0iwz_ihscXxNBnIfgRa9k4tiQ3zS1CKFHL1,False,0,False,sam_smile4,False,1698441734,1698442017
49,1967,116,0,16,16,4,0,0,0,False,6829298887351993349,False,False,False,0,MS4wLjABAAAAbkn0HKAYEfYcgaXzPrdqfIHSk7rsna8NrHtnsPBv-yBBk4QRDQxqWUhCHNzcYspC,False,0,False,nitubo,False,1698441734,1698442017
483,1159,76,0,52,52,3,0,0,0,False,7094535215418934277,False,False,False,0,MS4wLjABAAAAig9EbmqiZhZYxHhHpN-tMqBTyWmoE66x-aqQfZv7i2lLpBmiUybU0Vw4Jdz4wx_v,False,0,False,kuralsizpatron,False,1698441734,1698442017
168,49,29,0,2296,2296,20,0,3,0,False,7191842232155784219,False,False,False,0,MS4wLjABAAAAQNXuGlZk55mo3wVXOztgJsCekl2ZAwDEG7OJHF_HEcrZ3GS3v6oZk87gzOA9kKeF,False,0,False,alayatucha,False,1698441734,1698442017
1799,2034,556,0,42,42,1,0,0,0,False,15078051,False,False,False,0,MS4wLjABAAAAaRN5R4Gm2ONtIhVPGcSrpiYVsDty3gu8Pog64e0co1U,False,0,False,eliavif1232,False,1698441734,1698442017
221,517,407,0,18,18,3,0,0,0,False,7209024072263877638,False,False,False,0,MS4wLjABAAAAi1Bm8-VKCPpd81A5mvc3KukTWzynd1rf5Ic3IYWpzTadhl0DoRAgznqlEJrpu9VW,False,0,False,mr.bean...zl417m,False,1698441734,1698442017
565,7283,363,0,0,0,0,0,0,0,False,7238297134336148523,False,False,False,0,MS4wLjABAAAAAcTKoNWXdHPT7YOMm3qsr-i-ZiFf0D6J36uv5ZxqowhZMKBAl21vOiTR3xCSj478,False,0,False,x.official_draco.x,False,1698441734,1698442017
9828,4623,42,0,2191,2191,12,0,0,0,False,7253253692126725162,False,False,False,0,MS4wLjABAAAA9vpfah1fXqCfYxWSnv8SZ4zHie5dwK9_eBflKx6iD2laASqXG4_56NgZ5Sb9Csfx,False,3,False,el..j.r,False,1698441734,1698442017
9949,1579,799,0,3433,3433,49,0,0,0,False,4836209,False,True,False,0,MS4wLjABAAAATbhb3v0kpVKQvNAVmW3MQWhH2KzOG2xj3ure8r6ZY8E,False,0,False,krayzzii,False,1698441734,1698442017
54,1168,235,0,279,279,16,0,0,0,False,7252546965715813418,False,False,False,0,MS4wLjABAAAA-dC_SdmXYhBVm2M_ERy_AGyBdZUPKJbJ1mNTVyV45NNpbhJaP67FX1i0i9u24x9b,False,0,False,tobar997,False,1698441734,1698442017
83,6027,520,0,54800,54800,181,0,0,0,False,6819017309526115333,False,True,False,0,MS4wLjABAAAAuh6tCg36vUXExAvFNtOcJSqAJeAQd34HFWoSXen34rsigUSLeimJoZkJDfCwyUxB,False,0,False,betinhasamas01,False,1698441734,1698442017
3476,981,33,0,6929,6929,8,0,0,0,False,7157189930749772802,False,False,False,0,MS4wLjABAAAAcd_b0cBYNvOwM3OOPoJ8Z6RIr4XR1jPMGeSmSw0hEzfOKoiDoKKlVTWKJySbm1FA,False,0,False,ebru_dcll,False,1698441734,1698442017
1,353,0,0,104,104,16,0,0,0,False,7294174675143197701,False,False,False,0,MS4wLjABAAAAzLwSc4X2XNZYXhdLhWoGPWKv9RLtuj5mCr49ycgzuzR47ivGMRfivzXfh9IeIN7U,False,0,False,in.shafa.shop,False,1698441734,1698442017
6,1236,1,0,245,245,8,0,0,0,False,7292187951713715243,False,False,False,0,MS4wLjABAAAA7XEXEfSjJ5ig0PefFCAO6OzGbReKUh2vxpWRDDRPsCxTYXDt9F7dGyGym8xpuiuA,False,0,False,yanielahernandez,False,1698441734,1698442017
37600,11400,213,0,46300,46300,42,3,3,3,False,7015310268331590661,False,False,False,0,MS4wLjABAAAAu6HRZnegDfP0oDlP-GGHRU4LoZ3Yl7YN3ISvRst8DwdaUwmC0Yi7UiYTP3g24ooR,False,3,False,alfahad3y,False,1698441734,1698442017
122,2779,0,0,2423,2423,352,0,0,0,False,7294370597052105734,False,False,False,0,MS4wLjABAAAAytTxyym8CeU774dEFHQGxdDsIsIOhOXFOrFhDLIRsFNogSc30uW-RbRMJAJS2BFF,False,0,False,34..casper.06,False,1698441734,1698442017
749,1067,191,0,44,44,0,0,0,0,False,6730847216704373766,False,False,False,0,MS4wLjABAAAAFfeJhDeBpCOCP9yGrSKlZ19O5e3Yv-YlzuFhDvG1afsY7CeW2Px02rlGmWQcQEwo,False,0,False,ibrahim_shwaish,False,1698441734,1698442017
3548,709,110,0,1283,1283,45,0,0,0,False,6880806053270946822,False,False,False,0,MS4wLjABAAAA1U-MJo-H8qIH5FqJzRVylD456Cf4VHR9odIRBENMJXZSRcqELyNGsTiNkeFIbIRy,False,0,False,alexandra_44reg,False,1698441734,1698442017
66900,555,71,0,1532,1532,21,0,0,0,False,6868176418611823618,False,False,False,0,MS4wLjABAAAAsGmQfFQN8CQjg3eg29HD3DmbXfGGoU4XRAWifgAVklB6Xs9TDHoorj2VsKiS0ni7,False,0,False,chinlee_,False,1698441734,1698442017
4,1108,158,0,14,14,2,0,0,0,False,7086593238979724293,False,False,False,0,MS4wLjABAAAAMyW9S9XecTDoZHVDF65WVUBzbvt9TaBj77TBehBzkd0dNspBda1ZtgauL5wvDcOE,False,0,False,doug.everhart.2.0,False,1698441734,1698442017
24,1000,0,0,929,929,27,0,0,0,False,7294722239948162091,False,False,False,0,MS4wLjABAAAAVd_lorKiDvuLw0dsbqfk0M3idXU7PKJuDmqV0vT0sf9daLf1Jy0xICSxfIlwWM_b,False,0,False,racoonyalo,False,1698441734,1698442017
12,5502,1426,0,3165,3165,4,0,0,0,False,7162898787463136262,False,False,False,0,MS4wLjABAAAAYOoXujUPrMiME1yM2ayT1qXe99YOCT5dhafomA_BsAx-cpKA4i81spevSc5vYAaJ,False,0,False,arturorene6,False,1698441734,1698442017
37000,1375,168,0,8842,8842,9,0,0,0,False,22776448,False,False,False,0,MS4wLjABAAAAg-8Y0G_TAbJwUDppBI2__TW7MLucGUr-ihxhoYOzpPE,False,0,False,benjamin_0744,False,1698441734,1698442017
267,999,3,0,0,0,0,0,0,0,False,7287454116912481285,False,False,False,0,MS4wLjABAAAAcf0jdy8Wp4YBpCOu_PfN2v1k1wY17RFrE8f2R-9BVLR5ENdBAn-Mh2aB4Igd_OaW,False,0,False,masterofmyown,False,1698441734,1698442017
635,13000,498,0,12100,12100,65,0,0,0,False,7287189771545756714,False,False,False,0,MS4wLjABAAAAuAijTsWJM_r_JZdfwRcPdYv8Y7aM_04lFTH0LUx4pPYmCJd7h-GbPf7q1je5u1Pl,False,0,False,brandoalvrez777,False,1698441734,1698442017
5961,511,2873,0,241,241,30,0,0,0,False,6886450878480466945,False,False,False,0,MS4wLjABAAAAP82bBgknBb1zTnMQCfRypiobFYPscgxxpvDNJRTee1Z6mBkzMPvsCJnal1Cx2oSB,False,0,False,gabuflores_8,False,1698441734,1698442017
1343,11500,636,0,15200,15200,160,0,0,0,False,6801971692883198982,False,False,False,0,MS4wLjABAAAACWyxW2yJVNnFbAhbOcCkOU1SLxNa2nwDeIFT7K73Beurfps2JSX2v8wa2f1BWgNA,False,0,False,joanatorres13,False,1698441734,1698442017
208300,26600,4579,0,85500,85500,16,3,0,0,False,6830217603542893573,False,True,False,0,MS4wLjABAAAAFc21Gn4eCh1JIcsvXLhy3PEqoF0oj0lH4lNNrpmOMnaQmzw48KF-7tEEwCcYoU3U,False,0,False,ammiro_il_mondo,False,1698441388,1698441687
1,1157,2,0,24,24,4,0,0,0,False,7238293365414216710,False,False,False,0,MS4wLjABAAAA6R5iVgedZyoKTJCxvkxOWQvFXReKklmSe4tR6c6CguTJ86l4toEus6eHv2mzhUGv,False,0,False,capitalcitygtarp,False,1698441388,1698441687
2422,14200,93,0,10600,10600,57,0,3,3,False,6899511763881968645,False,False,False,0,MS4wLjABAAAAckjWCIEc1VICiflRhxAM_ddWktwIKREyez54KJfl8BrXbG5iXoZ-asqmhxboQ0H0,False,3,False,aldawood84,False,1698441388,1698441687
294,11300,1,0,321800,321800,212,0,0,0,False,7278699104442532870,False,False,False,0,MS4wLjABAAAAzqS0-uQEKfjztA0emeV0QPphkbKpjeppMEfCAM19KWPAkDiZaTuaEc6XhsDkXzSD,False,0,False,nostalgias.animadas,False,1698441388,1698441687
54,1044,85,0,0,0,0,0,3,3,False,6897065664046515205,False,True,True,0,MS4wLjABAAAA2CMeQvNNU46blW9YpP8VNAkprET5O2lm2Eyrge0r03g9R6lqmGTkAR4sxykEWU8V,True,3,False,cobranguyen02101,False,1698441388,1698441687
15,884,5,0,23,23,2,0,0,0,False,7278492268222284806,False,False,False,0,MS4wLjABAAAAibi8A2hUePsAE5rW2Xz_gmaHyWjlSjzL_yZ5Ae-f3Udn0V0uQ60s4Fcryh-x8WjN,False,0,False,fabio.pedro0,False,1698441388,1698441687
1015,1151,29,0,223,223,0,0,3,0,False,6778862643652150278,False,False,False,0,MS4wLjABAAAANfzew-tG0uUetAgFJHKWmy0D4ePFefJsXeU57rt5D9WwWIllMgK4Xunth6xDwrfw,False,0,False,peter.ko120,False,1698441388,1698441687
25,9576,1,0,0,0,0,0,0,0,False,7130263807817122821,False,False,False,0,MS4wLjABAAAAj1B8pcCx3vKhnOci-PpbLKv10hH6xN-sNRTvSIhElqx-6qNNAt_oIQeBPSmu_Etv,False,0,False,banasowie,False,1698441388,1698441687
4757,2199,417,0,1592,1592,89,0,0,0,False,7253119776654345221,False,False,False,0,MS4wLjABAAAAMzx6AQFiw9Rn0w7FJvJYC5N4Zi9av645C_F4udgFHRiQjphFjb6hRN5gG8twBUbw,False,0,False,innervoicereggaea,False,1698441388,1698441687
5220,27300,298,0,41500,41500,33,0,3,0,False,68947961858150400,False,False,False,0,MS4wLjABAAAAalTp_C49uHxxHf5pKnSS5rHCtWdgbpdYDwzoUBfEanQn5O1jtJdHXykmRdIxv2Ny,False,0,False,realdanadee,False,1698441388,1698441687
86300,18900,3295,0,95000,95000,1094,0,0,0,False,6762794542179107846,False,True,False,0,MS4wLjABAAAA-_qsWvlhmPwgMGYHNY-ZKMPkzXgKlhBmJGGZlYhnz8G_befe0nsgUXvHMpz_s2zi,False,0,False,amal1046,False,1698441388,1698441687
2712,461,222,0,122,122,5,0,0,0,False,7222386003688244230,False,False,False,0,MS4wLjABAAAA337kk_65Ve-ytc6Uu9Rn6_IwehL-riXTFgFQsi9v0laQVd5HMukyxC3Y0maPvVaC,False,0,False,djnapoh,False,1698441388,1698441687
28200,5852,4368,0,7041,7041,17,0,0,0,False,6829807458976302086,False,False,False,0,MS4wLjABAAAA2dMvGVoNhXo6u1rI8pcZzpIZS3Ol7c_bDCoofr-pYoB3Sgci_HOK3rXyvoSgO0Kd,False,0,False,docgrigisin,False,1698441388,1698441687
3479,11400,966,0,69800,69800,337,0,0,0,False,7008446784163693573,False,False,False,0,MS4wLjABAAAAeLsLGpyDXkNDP72J_pHvvhtP6EMHh7WJZQMmmpVylSkuSGpVdEXMI1gxibctFk6o,False,0,False,mzagea291,False,1698441388,1698441687
1904,25400,39,0,10500,10500,5,0,0,0,False,6717554995481068550,False,False,False,0,MS4wLjABAAAAAnGKp0N-AKzWK54_aNVoI1bBSScgKMWj7-0BOuRUjjeSKqG0jBkqZjdB_ZetrzIG,False,0,False,raz_xxxx,False,1698441388,1698441687
58,2065,34,0,67,67,3,0,0,0,False,7056265466399818798,False,False,False,0,MS4wLjABAAAAghGYcy--3VrL4eVX4vBnllrsUxSd6tPNMy4w8j2vbP0GfLffbjAAiJtZXAZMNDdt,False,0,False,haley.sefton2.0,False,1698441388,1698441687
1584,1022,190,0,3337,3337,45,0,0,0,False,7104724474889585669,False,False,False,0,MS4wLjABAAAAMAj4r_2SwPVw8yQhOT7zEb8FE9YGbzKYIZQAJ-7wqScOQ5EopshdOlLNo06TJ5Hv,False,0,False,_maria.obec1999,False,1698441388,1698441687
34600,1171,1303,0,188,188,28,1,3,3,False,6955621080736777221,False,False,False,0,MS4wLjABAAAAHGPJHvYnxPFXJsXYIFf07Z7Z42TM328TpTvauXEl9AsVuOxpTzVj9CwmFSbC7eOj,False,3,False,lima_francisx,False,1698441388,1698441687
275,2067,74,0,1578,1578,21,0,0,0,False,6886042441620194310,False,False,False,0,MS4wLjABAAAAfQV3MK-FINCqgLCAg-SfUkISViTG363cXFp02Cnk2jFjRWasCNFiA7AZl5sKT74d,False,0,False,lolas275,False,1698441388,1698441687
1426,1127,89,0,244,244,0,0,0,0,False,7286539686070273056,False,False,False,0,MS4wLjABAAAA-SHJREU4Jxu2jp-HUzZY4Uvvwr15quw6dXSuaL7nW4KG-CtuiOQM-YDrwYdC664w,False,0,False,55maanu,False,1698441388,1698441687
18600,113800,9927,0,78900,78900,833,0,0,0,False,6990014608976282630,False,False,False,0,MS4wLjABAAAAKrZc9JFyMvv64JsswpPkX5pgo_zta92czJnL9V5V-jkJL6yyY6xAZHRxWR1PYQfK,False,3,False,fionam869,False,1698441388,1698441687
51,13500,21,0,3276,3276,65,0,0,0,False,6721104832462488581,False,False,False,0,MS4wLjABAAAAvKqGyZz6DKBgHOteMjxxJGRIgdnZN799Ru4zjf9-bOTIkb_Qr1CTSIKciVMq-jGo,False,0,False,honuboards,False,1698441388,1698441687
36,2833,24,0,1195,1195,10,0,0,0,False,7273883948824183840,False,False,False,0,MS4wLjABAAAAYewoiL3liPWJCanf16SwwIci9bwaVOcT6G3-oR5c6V5rGf4WQnzZw1mvEEiLub-R,False,0,False,iragazzideigiochi,False,1698441388,1698441687
530,1549,389,0,518,518,12,1,3,3,False,7223464633478628395,False,False,False,0,MS4wLjABAAAAaJ75W-wGyUnr2k1qnp5rJAOwOfqdcHNu_FVVUl8T3btSWik3O7kyOTqs4p5LXQ1k,False,3,False,donny_robins,False,1698441388,1698441687
0,237,0,0,0,0,0,0,0,0,False,68100522360078336,False,False,False,0,MS4wLjABAAAAz8ZJxryJDKmRwskhWkbYpahSp0b96xHTf92_R5uG5evRs_orw4l0RexS-Y5OpVQS,False,0,False,puso,False,1698441388,1698441687
4206,33200,2263,0,48500,48500,159,0,3,3,False,6679040618835248134,False,False,False,0,MS4wLjABAAAAoSvRkLTP84wuSObcoNXTgy7_Tz4UgT79WPtYGTBm3rzqa9f36fY8OcMWzbzjD0zM,False,3,False,milene_flores18,False,1698441388,1698441687
53,5091,63,0,142,142,2,0,0,0,False,7121162408414266414,False,False,False,0,MS4wLjABAAAAQyoCwTCAEBJEJb6oKZDXD4_qrFdMUIJpEWTXOnsM4hIlArEa9_bcki_TS30H-5bT,False,0,False,jairo_barber_ec,False,1698441388,1698441687
14800,1005,225,0,326,326,44,0,0,0,False,6790667880247215105,False,False,False,0,MS4wLjABAAAAtGUFNBpqZGmxjFGx2UcskqXvlm-EpjZKPPs2jr3dwTLr1I_sukT3Kqvh58aB8HIL,False,0,False,nuu_thaitea,False,1698441388,1698441687
432,34100,221,0,21300,21300,22,0,0,0,False,6645576242606424070,False,False,False,0,MS4wLjABAAAAA6htVhVQDjSBubmOThlX9ksuPz2LVNRwcBjYvF6v7oCwQAnsTPe2rSV--XJqXVLg,False,0,False,themeeema,False,1698441388,1698441687
9487,167300,6754,0,48100,48100,17,0,0,0,False,6948493500615132166,False,False,False,0,MS4wLjABAAAAYUMcX63vm2FAAkjqtqdD7eDLajlnwrb2xMjHWsCdYxvZraEGwy2su3K8VDXiqbH9,False,0,False,ernestor888,False,1698441388,1698441687
6085,4933,4953,0,4238,4238,28,0,0,0,False,6812226135113647109,False,False,False,0,MS4wLjABAAAAMHfYZoHXvKDgEBw3Av26NkSQ-LbV4srjzyqkMYO0E1JqpOCwdDe2Ua77dT7C_X1P,False,0,False,zafiro_881010,False,1698440865,1698441383
11000,14400,191,0,116900,116900,73,0,3,3,False,6564076338063687685,False,False,False,0,MS4wLjABAAAAzt5yHHYfUCtaTn1Gkb-M7EUumfIh3MIuiHXa-sTlISp_RHT4JbDAIMYDWRLZB1ct,False,3,False,king___________4455566,False,1698440865,1698441383
4745,1542,296,0,234,234,40,0,0,0,False,7230210752522503173,False,False,False,0,MS4wLjABAAAA5R1ur77zhLhVuLZrCyUD1lfpi4fv-yKjcCrXaMRyb85IBJdYYel7kTLDHFWHbxoy,False,0,False,a.h5176,False,1698440865,1698441383
9,1083,93,0,5,5,1,0,0,0,False,7293990994633458720,False,False,False,0,MS4wLjABAAAAwJqxBGd69zNIs9dpnt9UUviBBUGuznvUdMABeZzr3mFoFdKO-Lt5tufo6Oqz-fMW,False,0,False,arnaldprenga,False,1698440865,1698441383
4,1011,8,0,200,200,16,0,0,0,False,7283306342520783878,False,False,False,0,MS4wLjABAAAAW72zdPmMpkxmYqyf_2k1pQaCOR7qAmw0idbxFe4eHTias5hSArysajuDXWsymECy,False,0,False,marcosvillerv,False,1698440865,1698441383
1976,708,189,0,1381,1381,75,0,3,3,False,279828313706057728,False,False,False,0,MS4wLjABAAAAXnB652aehiFK-iDPOIr-37A0FPLBRLE19p55qA3fEXJNZkd0TvTHtbCMr7gTq5iV,False,3,False,_francy_calta_,False,1698440865,1698441383
361,9933,9447,0,9921,9921,223,0,0,0,False,7025898615613654022,False,False,False,0,MS4wLjABAAAAIoFpYOMIAxA8V3JWRdL7Sp-ZIOT_u8T2fK4qbpM0HfKGbWq1qjmcJUqKM9DqFw9B,False,0,True,dimondprincess8912,False,1698440865,1698441383
220,8386,444,0,6,6,0,0,0,0,False,7250041229877052418,False,False,False,0,MS4wLjABAAAA-BvDpFel1gTGIHUmwIhrps1Vzx1wAMPU9h7e70zovBkfDBhR9XF3MYvSWplR_Hmn,False,0,False,shared_account_2.0,False,1698440865,1698441383
498,4460,366,0,25400,25400,13,0,0,0,False,6641129817164431365,False,False,False,0,MS4wLjABAAAAje3G6DngDD13wywee61zZQIN74g77kVfmblXEFLIYxEEYZgXhPMPuNT0VVq2gjoS,False,0,False,aseaton1238,False,1698440865,1698441383
2285,4147,6903,0,2256,2256,111,0,0,0,False,6820730002516313093,False,False,False,0,MS4wLjABAAAAUb5Jef9UbjPsBH1ij-qkr6wyXyZjFyt0x8sB38x83WZewKf-P_-PKznqNRwU_Gbg,False,0,False,carlostrochez8,False,1698440865,1698441383
69,1011,32,0,25,25,3,0,0,0,False,6928825181922968581,False,False,False,0,MS4wLjABAAAAdcrpquALEbEcww_3BuNQkt0IP7my6KtQpfTs91qoqcgMv1dgrxbDNVbM2NHAF0j0,False,0,False,jorgitomra,False,1698440865,1698441383
293,1387,125,0,0,0,0,0,0,0,False,7211993701903614982,False,False,False,0,MS4wLjABAAAAKQrbypyFn3wf36w6T2aw_P-rv6J4S17NFzjb21to5DHVnidmwoamOW8oru_JVYCb,False,0,False,sill.bos8,False,1698440865,1698441383
1677,1036,217,0,157,157,18,0,0,0,False,6814983030765274117,False,False,False,0,MS4wLjABAAAAKP2sJEqSfCBKzScW_MunX77uBwhAszLbe2CO6s1Cfxpdi1D0wZ84NAdXfdbCVSTw,False,0,False,janicleideazeved,False,1698440865,1698441383
825,1432,128,0,269,269,17,0,3,0,False,6802690474425631749,False,False,False,0,MS4wLjABAAAA5CfNyQQrJdoTOn61OgsPmeeA0zQdI1Ce0YGGyZbcVx-OFeD6y4dsEG5Hf7T3PR7w,False,0,False,pr3torians,False,1698440865,1698441383
2725,4778,1590,0,30900,30900,8,0,0,0,False,7077704568076600366,False,False,False,0,MS4wLjABAAAAHNpGrFdFGtLDIU9TXrHMMvIEEDz_XD69TephX0pFw8XBOvzN4II8XFhPKSBZhv9E,False,0,False,zachyye,False,1698440865,1698441383
6977,4631,227,0,2735,2735,568,0,0,0,False,6898379052781077509,False,False,False,0,MS4wLjABAAAA7Cqo58Y4BYCfA1QslsmMPQQd9anYPpF4KXoHAOdKOMGACWJ8qVvv0vkzGYe63HS9,False,0,False,flindten_,False,1698440865,1698441383
2000,1582,1145,0,444,444,5,0,0,0,False,6755338152896562182,False,False,False,0,MS4wLjABAAAAVMiD1nWQF13dTQITiYa8yPGWN-hRZjHlZj7zGmx63pm58Ru5rikmDtLQrSZIQtH9,False,0,False,denriiz,False,1698440865,1698441383
1000,1036,198,0,644,644,10,0,0,3,False,7075378505462842374,False,False,False,0,MS4wLjABAAAAfC91jbGrkfXEsojkPs9Db4uq1QkhtqVAluRrFsygp0EINac8OBs3kj4KhEZgv5gY,False,3,False,elfidaa34__,False,1698440865,1698441383
49700,3139,1667,0,15500,15500,793,0,0,0,False,6637287188668088325,False,False,False,0,MS4wLjABAAAANPJSXeg6BdssCZXKpIoq1-RlfKIuA7t3QaGwNxDTFZKn68_YVSKefuEMY9_yIovw,False,0,False,yanetbhdez,False,1698440865,1698441383
0,351,0,0,0,0,0,0,0,0,False,7251582999530669062,False,False,False,0,MS4wLjABAAAAZ9tnkAEOCVhOeK_nFAtjdlIjGsiX3HLAYTrDgYQUrjPR1hJTMJzvqBwlKlehfapc,False,0,False,mxen,False,1698440865,1698441383
57400,5970,21,0,3686,3686,3,0,3,3,False,6774036400696460293,False,False,True,0,MS4wLjABAAAAkHj4lrb2nSS_E4h01-UTyWCieyFUgUSpvzO1xzEko4M7Cy_piV28kc0iN5y153di,True,3,False,mr_hublott,False,1698440865,1698441383
1281,2115,1217,0,28,28,4,0,0,0,False,6737390779084440581,False,False,False,0,MS4wLjABAAAAUzY2z8FgZH9xE7zVOtNUEXHCyTh7FXSm4FO1SL8QRBjCNjotwiYqLFFNLfW-RkEz,False,0,False,luismarquez_03,False,1698440865,1698441383
38,2320,29,0,126,126,10,0,0,0,False,7071147269932827654,False,False,False,0,MS4wLjABAAAAK14SX7og2vzExjOSmaQIXpafXQjHtQJ6jWe9IhapXOj51-FT9YAbmQl_Le_tC6lw,False,0,False,spirosnatsos1,False,1698440865,1698441383
10700,1353,1201,0,1085,1085,9,0,0,0,False,6892567256191124486,False,False,False,0,MS4wLjABAAAAd_brFDonY7WtobsIo1ObF3t1fPyLiPWXZYBncD7_DnyzA9IdeLqUg5FJ7GcU7fn2,False,0,False,andreaprada2603,False,1698440865,1698441383
97,1036,27,0,372,372,40,0,3,0,False,6810212842567353349,False,False,False,0,MS4wLjABAAAA2m2FZCKAdsOzYoeM5yH90F30ZKzN0PqbZbmrsBTJQL8mfdFdwabG1wyRZVuJ3hzV,False,0,False,mateusbarbosa.sa,False,1698440865,1698441383
8193,519200,124,0,11700000,11700000,842,0,0,0,False,6945587824780821509,False,False,False,0,MS4wLjABAAAAcuf5KD5Carih3fFKr-LE3itZvcBMV87JYChflTIcBpIhjyKt2Zu31EPSV3c5uw6S,False,0,False,kirs1055,False,1698440865,1698441383
16600,6600000,546,0,72400000,72400000,904,0,0,0,False,58713231942258688,False,False,False,0,MS4wLjABAAAA92brf1jw_b0gRc00gKg4NsnSVZO4b31jpygk7VOND3Qotz6xTkKJZ3XPIReGXKp0,False,0,False,jessyrobot,False,1698440865,1698441383
1,2472,185,0,0,0,0,0,0,0,False,7292878686403281926,False,False,False,0,MS4wLjABAAAAd1RFMbWE4Z6nyhFSng_aiVulYI3vtOa5dkNxQFsFbTCVmQG1xV06iu9WvYzN9URK,False,0,False,lunayzlietn,False,1698440865,1698441383
44,1839,367,0,0,0,0,0,0,0,False,7294746187403838469,False,False,False,0,7297677307334822661,MS4wLjABAAAAbzRLCpCrqODahHfWbfpV-DkwMDNHCiWSap-t1iA4QsHjTW9bQqPFfYUCGteOTH7v,False,0,False,qmi852,False,1698440865,1698441383
4,55000,21,0,0,0,0,0,0,0,False,7215049137027728390,False,False,False,0,MS4wLjABAAAAQZwyaQR8CZGj8vvpDW0r9Q1X0ZD1AZ2W2sxNDxeYk60WTP6roKqmba_CTo88dpFZ,False,0,False,acxmf,False,1698440514,1698440833
3701,50300,560,0,14500,14500,149,0,0,0,False,7014575633385489414,False,False,False,0,MS4wLjABAAAAmMej1Z2BLlAEJVDRBpzhz5r1bv3IQS0o_-pXheYUoIzxMcw0o7BtcfrH5BRP76fu,False,0,False,psicologojuliotv,False,1698440514,1698440833
12,1006,3,0,21,21,2,0,0,0,False,7291407441298768897,False,False,False,0,MS4wLjABAAAAC47ibWS-ulvggWEa1pwhv-552sjRixLwe1ljs1Dahdna1t5ro1FlTZ-3R66QI4Qy,False,0,False,novel.9,False,1698440514,1698440833
10,728,1,0,45,45,2,0,0,0,False,7287790695698646017,False,False,False,0,MS4wLjABAAAAtK2j7lmKmHaM9PTRGn8QjJX4RpqlDJi2TIgW9LJwVSy7rthobyCwp_AGW-k5B6Sm,False,0,False,chintiamey1,False,1698440514,1698440833
1,19100,1,0,9,9,3,0,0,0,False,7294497308677620741,False,False,False,0,MS4wLjABAAAAuRLeaS2KxRkexKXVvvDQiP0V8p3_JeeTFpw6y4BoO8Be5NSN4mkeivKLaYi_XokJ,False,0,False,eduardo.nader3,False,1698440514,1698440833
4,1116,4,0,2,2,1,0,0,0,False,7294695073357415429,False,False,False,0,MS4wLjABAAAAy8mn_zhisJ5CQOq1k2dzWWOpxoYOjuavy5k8bAJt-izt-aQshuZAIOpwVJqDnNf7,False,0,False,mira86617,False,1698440514,1698440833
0,1268,88,0,135,135,5,0,0,0,False,7287971908108616710,False,False,False,0,MS4wLjABAAAA-RpM24ItQZTvQpCYmMxWwfUtBhy6bDcQqmZ1DHVQOtbjm2nVKByPi_JYg5KMNO2L,False,0,False,reda_ace,False,1698440514,1698440833
120,3041,852,0,252,252,8,0,0,0,False,6879730574467171329,False,False,False,0,MS4wLjABAAAAtKbehgJ7HFLv5KD41M6oPGhgT3MGUD0rqrmaMDzjmoFTqR0vC0oaffRDC3hrX2KW,False,0,False,mehdidzalgeria,False,1698440514,1698440833
11,2083,0,0,17,17,7,0,0,0,False,7294043757724763141,False,False,False,0,MS4wLjABAAAA9N2idqr-5RsOv9G1FyFeqbxhmqhvkBz7hX8J9YsOFEBIABq6hoMbpcAJk40EWBYj,False,0,False,milionarioao24,False,1698440514,1698440833
7992,15600,107,0,23600,23600,13,1,3,3,False,6941381746232935430,False,False,False,0,MS4wLjABAAAA89PAIgjpRcFmgrSJeHC-Rjp_1Z9-T_L9-t1-srlT3yGqI_fm-LTADa0AdC-1eeAV,False,3,False,a.leynae,False,1698440514,1698440833
27000,27200,9798,0,85200,85200,1616,0,0,0,False,6996515721572615174,False,True,False,0,MS4wLjABAAAAMWWaRRsgDGQBTC4AfHMD-a5oqNMoeiIWUDcTKijnr-XtkDvDzUBS_U7cXNU4ngIS,False,0,False,josefinagabriel4453,False,1698440514,1698440833
40,1863,21,0,674,674,9,0,0,0,False,7288847114271720480,False,False,False,0,MS4wLjABAAAAeoR4GF5HplXRU2THgqikGffXT2zp2BUbptUi7IQSbW6y7NVIhS-2YdWSiMhG3Wxv,False,0,False,cheriseamer2,False,1698440514,1698440833
20,3061,627,0,189,189,22,1,3,3,False,7243509916350546950,False,True,False,0,MS4wLjABAAAAb_ET3OITVWhvjklAX3zInGwsbWF9RwjaTsdi4gF6cKfTGUfHFkGSt6NyYYQeeRQS,False,3,False,w_w_selim_w_w,False,1698440514,1698440833
0,10800,125,0,5206,5206,15,0,0,0,False,7294313533725803553,False,False,False,0,MS4wLjABAAAACSKGw_p_lfxqU9B9F_AbzPL5TDk4SrQCi7rKUhLNfT4VeAA_Lu-o_Xlv15BxDidy,False,0,False,alcapolio,False,1698440514,1698440833
1535,9558,407,0,111100,111100,237,0,0,0,False,7075735854828110853,False,False,False,0,MS4wLjABAAAAMZw2rKYdAL9z4OrPQQ3oM2Ukphj2kNGEu_BcRXbQtMRbeM41qZcMlCH8bVNCo9Iv,False,0,False,nayvalecilloss,False,1698440514,1698440833
605,573,31,0,1822,1822,0,0,0,0,False,6914915089540711426,False,False,False,0,MS4wLjABAAAACIhxa1IawmVwt1vdgvBy2tOzK21WfjGJvdZYcwbcOdPNmXaNvz5964TIigdVoi5c,False,3,False,currentlyinthatstate,False,1698440514,1698440833
354,2928,162,0,1017,1017,10,0,0,0,False,7026124421211866117,False,True,False,0,MS4wLjABAAAAvrjEx8UfxSYoc-pJf1ndI_tJhCylJeLpmS__MrHutVkzslOkAC4dWgn1mhF_vBMS,False,0,False,sadikdima,False,1698440514,1698440833
706,14000,169,0,471,471,49,0,0,0,False,6628454702810382341,False,False,False,0,MS4wLjABAAAAr3LPzg9WZsNpPWCWqVI5m8aoOMyHitbVU9sqp0ptxcaU28fq7miAgOBvlS-q-ow0,False,0,False,abdiatar,False,1698440514,1698440833
7,6907,365,0,4517,4517,7,0,0,0,False,7294455354368017440,False,False,False,0,MS4wLjABAAAA8nLU9IGARu27pXFXBwp63ImDMdy1i42F_H00LPkr1MT2wWsvRLMBLVm7iXuMajVD,False,0,False,arxigosvstiktok,False,1698440514,1698440833
108,1259,62,0,22,22,1,0,0,0,False,7275549011188646955,False,False,False,0,MS4wLjABAAAA0DPbWGXMqbZ15toQUNGqFODy4gSPSaOMk9Fjo5b-xaj_tDm3oTpCZWkA5oPpvKN-,False,0,False,annabellegiggles,False,1698440514,1698440833
86,4944,17,0,0,0,0,0,0,0,False,6638359191012737029,False,False,False,0,MS4wLjABAAAA-cqWzoWlf3ST5wpNdpHADTY5nkd5ngoa9b46WzN72pWrq1ZS_WudemE4wqtlarwe,False,0,False,gluecksbaron,False,1698440514,1698440833
871,1184,39,0,2848,2848,15,0,3,0,False,7111463809008763909,False,False,False,0,MS4wLjABAAAAJSEsZTWsjIarrGSBbsCnlpnB77G29Yvzoz6QTmnOOqACeUFlo7T8ldRzYUVugMwU,False,0,False,leslygia2,False,1698440514,1698440833
62600,4488,66,0,21300,21300,30,0,0,0,False,6953139885080642566,False,False,False,0,MS4wLjABAAAAEaC1pWnoXXHwigobP6Wo2GpxVJwAXqLJ9glWFR8NIrwCySdiibX_aZVPkJcxQBIX,False,0,False,t5_xz2,False,1698440514,1698440833
157,1027,73,0,19,19,1,0,0,0,False,7171714630291571739,False,False,False,0,MS4wLjABAAAAgs53FeC8EabXug03eB-gtS_EMlzttzMyJEaE0I1DZQ_7jmCxcFeRuvAVF8l-43dF,False,0,True,jeleeekk_,False,1698440514,1698440833
4964,64800,9968,0,59600,59600,20,0,0,0,False,7229936721104749611,False,False,False,0,MS4wLjABAAAAGVQ9wgw8Yvm6c-emXTViToxJzG4jt0F5t7OEGJ-Vp-KCA3_kIl7BD4mSOy6BjH4j,False,0,False,kevinrodriguezperez94,False,1698440514,1698440833
2149,1008,682,0,194,194,45,0,0,0,False,6775093574109037569,False,False,False,0,MS4wLjABAAAAU_rbXtP9aVyKxCwZ07i_emSsTSGuKV6ry2n6R9BIKWM7PyB9EQ1F65vtA3yoBquy,False,0,False,nukiamnihaziq,False,1698440514,1698440833
113,1189,338,0,4307,4307,94,0,0,0,False,7265371193854198790,False,False,False,0,MS4wLjABAAAAdT_sRASfuDFraCESRsW9AHVj6hy8vIyD660LGcirhDU0B8XrKNYmLdx5nacj-5n8,False,0,False,cortout,False,1698440514,1698440833
58200,802,60,0,6158,6158,1,0,3,3,False,6893124947376636930,False,False,False,0,MS4wLjABAAAAuyQZs6xleROhCzsaMIN0a3EwtjQOBu83FZ0tpiCIfHiXIhCfB2pA7iG02zQWmfwi,False,3,False,useeerr1302,False,1698440514,1698440833
176,1814,215,0,2881,2881,9,0,0,0,False,7286253390061044769,False,False,False,0,MS4wLjABAAAArUSmdWgr89c_oAJSTnA1pEl3eCBRE2Ug5QEjJ1LHnwLYG4H1jUb1m-GivpqQIw0S,False,0,False,ezz_al4,False,1698440514,1698440833
1207,3208,12,0,11800,11800,18,0,0,0,False,7291206052246635522,False,False,False,0,MS4wLjABAAAA_ekFBF3KWFtZsehXO7w5wuzHjiH24xkamXccD7Okys2gKY7rsH79LK2WhHxZNtLs,False,0,False,mudannayake21,False,1698440051,1698440509
41,10500,24,0,44400,44400,32,0,0,0,False,7213453020926166062,False,False,False,0,MS4wLjABAAAA-C977fuQwkfFSNWibUMwux5WXOez0egoG2LK1mgCv8R7YQj5-e5_RFOthtbUk9Z1,False,0,False,factsonnikki,False,1698440051,1698440509
28,518,13,0,554,554,11,0,0,0,False,7293982744283284481,False,False,False,0,MS4wLjABAAAAEarrq6mKU_0V5FwqqI5mwSUVGt1vk-PPhempJW4T_NlxOuEWMkRuqGcPc-ZLEan9,False,0,False,ladyrema_,False,1698440051,1698440509
1345,1746,200,0,3091,3091,41,0,0,0,False,6799260053917631493,False,False,False,0,MS4wLjABAAAAzywh1Mr0eCzLQ8-D30_QrAybGpXnlQuYD_Q5vVu7MgCm35lP4L3YvpFvLoKf6hqk,False,0,False,aquariumdiscoteca2023,False,1698440051,1698440509
136,1699,700,0,52,52,16,0,0,0,False,7278667730756256773,False,False,False,0,MS4wLjABAAAASgmCbRWC7cEIGd3DN0RWHUzcNgO_IbpNi9JeaRH0QG5Jnt2D8yWMQS3xnQBroF1k,False,0,False,kiritodetodounpoco,False,1698440051,1698440509
119,6152,240,0,7196,7196,15,0,0,0,False,7134099042539291691,False,False,False,0,MS4wLjABAAAAKKj1dkKNkoaY0pVVv4n1y4yVCZuFkuJDeVJH5fWHNpAz6p_itRTCXJUt3J7yUDbJ,False,0,False,mjz0195,False,1698440051,1698440509
732,4791,797,0,1491,1491,75,0,0,0,False,7276900889780601862,False,False,False,0,MS4wLjABAAAAC9D7_p-eWUYzsOTaWK0ZJjDQEyB8kXeGRe9QOH5HX93Gf9Cw_8e0q_0oHTOOV2cS,False,0,False,modam7.24,False,1698440051,1698440509
2547,573,116,0,661,661,25,0,0,0,False,7110227372418974721,False,False,False,0,MS4wLjABAAAA82nDYypQ8S3uKpPii_PHkttVVC2tU5PVJgdbyKsXjc3y3AXqV4Qjiq5zCJvTlbHV,False,0,False,debbymanurung_97,False,1698440051,1698440509
201,1143,27,0,381,381,30,0,0,0,False,7264352813333185578,False,False,False,0,MS4wLjABAAAAJzfuuORh5FmYpGxW3dWM3xGMXYDvlsXMk8pZktzNhTXm6jzJX49WlyyLE8FGsEo8,False,0,False,wishywashy843,False,1698440051,1698440509
10400,241500,228,0,2600000,2600000,537,0,0,0,False,7051434138066387973,False,False,False,0,MS4wLjABAAAAPk9m59L4lY26SSInb2WietLBWcHaIHMeJFUDIPY90km_iywGThjRc1vrUnDNgpOY,False,0,False,natalie_marconi,False,1698440051,1698440509
5,4326,0,0,37,37,4,0,0,0,False,7294678896594125856,False,False,False,0,MS4wLjABAAAAutRTL_mhUdYQ5NQZBkTGK7zkRaPR0CiZOt9hgdc80-xPyA2RFi5lxlHMlIWupWIh,False,0,False,musicc__phe,False,1698440051,1698440509
1272,16400,5288,0,14200,14200,458,0,0,0,False,7151978418556535814,False,False,False,0,MS4wLjABAAAAHnFN4OVooLHV1nPvZxwASCoJDkb8ALFRAWRbPc51HOO5zDZ-vrnzb44m6Sf4Dt4P,False,0,False,cortes.d0.tik.tok,False,1698440051,1698440509
4054,34400,8256,0,34000,34000,504,0,0,0,False,7133366631112475691,False,False,False,0,MS4wLjABAAAAnGaap3EQi1E7BrSZkiXC_Aas3fOk3PPdmk2o3mH-HJ-eKdwSkYphMeyjc6yuJrbc,False,0,False,gildasarceno546,False,1698440051,1698440509
22000,8524,6730,0,8173,8173,238,0,0,0,False,6807499820673238021,False,True,False,0,7297697252397665067,MS4wLjABAAAAcFFtUa14bx-uAts47c07MGzA7n37lY0f5QYZcgRNmXypkh2_XMFG71VL3p8qcZHb,False,0,False,josimar1973,False,1698440051,1698440509
2864,3063,76,0,17900,17900,43,0,0,0,False,6823892901703287814,False,False,False,0,MS4wLjABAAAABZy_a9rAQR5BvE3mLibd6LSxuzzerVTQgdHufaFKlg1Vc2hxtVhevPFBbKbYp5E9,False,0,False,brisarusconi,False,1698440051,1698440509
1773,1018,645,0,1857,1857,38,0,0,0,False,7056619700633109510,False,False,False,0,MS4wLjABAAAAtmMGtQQjOMOYRTUjaHq0nTEpazZFJGCmTyYkVoT9lclpHyR72xdl9tLqzd5NgVs_,False,0,False,1984teto,False,1698440051,1698440509
9212,1624,3698,0,2688,2688,28,0,0,0,False,6783534369031996421,False,False,False,0,MS4wLjABAAAAc6Z-KtTWcVRRA5sCioT0EUeyEl0TPei718PI7_XG4ysyFqf8iu5H2aKVFfCLsJMA,False,0,False,zemarrie,False,1698440051,1698440509
765,5704,49,0,20100,20100,28,0,3,1,False,7182616881742840837,False,False,False,0,MS4wLjABAAAAJUhvS2XXwmSMwvluJX2Dy-5_Oy1w5VZmjAgsfR9NSuh3QT30nVoA2Ck9YK4cKZwP,False,1,False,jasminjakob.oficial,False,1698440051,1698440509
4158,21400,4181,0,6198,6198,96,0,0,0,False,7003020511174591494,False,False,False,0,MS4wLjABAAAA9LusdeWGeiDcvOMPWT1S1MBuPGYXtbbpjzlXgXpa--yx-l_03MyaWJo-wWzBhF-x,False,0,False,somasabb,False,1698440051,1698440509
0,12600,2,0,20000,20000,46,0,0,0,False,7286878170732594219,False,False,False,0,MS4wLjABAAAAllQHtZXWCDx1cTrOXcTPwld5LG_wbtW92vn0lT0cqhO4-0bEMQ0WMAXJB26NIVAY,False,0,False,po.lice_theworld9,False,1698440051,1698440509
23100,138100,947,0,194500,194500,963,0,0,3,False,6761883784628487174,False,False,False,0,MS4wLjABAAAA6iKu30zT0e91cUKZOBououCY98O4hJ7Acb1KbFuZnUjE9jduVFbnl-TEw3WPJ9FN,False,3,False,hassanalhazmii,False,1698440051,1698440509
0,11000,1,0,26100,26100,27,0,0,0,False,7294301064891073578,False,False,False,0,MS4wLjABAAAAOdiKZ0JTXPhgaoqEhKJTplpKG3kIhnhS1zZ_SUI_PKmrldYQj8tYWgewfNyMmVfo,False,0,False,celebrity.news14,False,1698440051,1698440509
8952,1467,497,0,3152,3152,253,0,0,0,False,6610472669936762885,False,False,False,0,MS4wLjABAAAALNQ8CrjkCA2N0tBX_teY3TBiBcMtIjUKvbB_94YTQ0j5fyGxIpj2QkdvtfEhMc-E,False,0,False,abidinuygun,False,1698440051,1698440509
2828,2049,193,0,1205,1205,1,0,3,3,False,148595680867946496,False,False,False,0,MS4wLjABAAAA9b3umvoPiVQ2-iw2cETGs7KFw61MLtl5hG4QpsGN2HZ0fZx_LPKLJD2t_0adDrn3,False,3,False,avrilrusconi,False,1698440051,1698440509
0,46100,121,0,33000,33000,13,0,3,0,False,7292084928828277765,False,False,False,0,MS4wLjABAAAA64BlCbbRPJXjOaDR6qn8BoeIlchswnc_sTPQFYslY1imGHPU9lQp8e-O0KQXzzpq,False,0,False,xida391,False,1698440051,1698440509
20500,43900,9983,0,52100,52100,1236,0,0,0,False,6809481048151016453,False,False,False,0,MS4wLjABAAAAFB5L23bvTpaWsKMHp06lW5JwN1YbfZzEDlErKz9SrmaBIsGVCdIMZM6mSK2iFTKP,False,0,False,vic_torramirez48,False,1698440051,1698440509
194,11600,66,0,715,715,17,0,0,0,False,6985631038765319173,False,False,False,0,MS4wLjABAAAANQQpwf2vwcaEp3mHTaIviwQeFzH23apff0Emjiq2MA21O6O7bUUTX8C4-SwtvcUx,False,0,False,makeup_artest0,False,1698440051,1698440509
1,2522,52,0,30,30,4,0,0,0,False,7294740284284699681,False,False,False,0,MS4wLjABAAAA-nZMsgoUGNvyCy_fzuqeXATA6CFB1sU0w_VA0unQuyBoK56N2efVKfE57geQAwWi,False,0,False,rdcbackuo,False,1698440051,1698440509
134,670900,33,0,1900000,1900000,294,0,0,0,False,6948684711020004354,False,False,False,0,MS4wLjABAAAABocxNLF6YtVe3Mjcj8qpClfrD8UKb4MTqaeGxMtb03F7W4c9T-z2_22_rAXF__NR,False,0,True,puregoldph,True,1698440051,1698440509
99,2192,105,0,36,36,4,0,0,0,False,7294696755882820651,False,False,False,0,MS4wLjABAAAAcro5Ot-5i6MzdRZnWAcHzP0PGsrp_LaVCfg2tTgobLZ_sKDZNjzypOOeL8m_zskL,False,0,False,luiscalaveras3,False,1698440051,1698440509
3064,9734,1159,0,5283,5283,49,0,0,0,False,6799665705703097350,False,False,False,0,MS4wLjABAAAARsaoCCbR3QJt-9PvG_z1sOB4DFgN7j_KlKInAlOrIOINypN-lO0zwgr7Ka0z7SMI,False,0,False,la_greicy,False,1698112684,1698440046
2,35800,45,0,1,1,0,0,0,0,False,7287381724769289249,False,False,False,0,MS4wLjABAAAAvdSU78w8hBW2GKqoqUpFBu0D5tlpS3p3_lVEm5alepV6qv1Z-Yj6qCoS0E_-kL03,False,0,False,alhashmi6348,False,1698112684,1698440046
25800,20600,9479,0,32700,32700,10,0,0,0,False,7263520538432209922,False,False,False,0,MS4wLjABAAAAQ3vyRhIwC_XQioHGlJDX-2sX3LFfWQDahqE293xZ3dGaokEtzkAF_sOWt2hOLNDQ,False,0,False,kesav1,False,1698112684,1698440046
3,1053,5,0,1242,1242,6,0,0,0,False,7291035667160810538,False,False,False,0,MS4wLjABAAAAVfrGNNt_DydLAVI99tmBaq9aLjhPIs4FM0qKRVcqXYJFX-ZDze6_yqd8EkPrt7Sw,False,0,False,freepali_,False,1698112684,1698440046
108,6200,1703,0,54300,54300,106,0,0,0,False,7290540062193599520,False,False,False,0,MS4wLjABAAAA0cgV7GvVmYbC2CDw5454X7m1l-J1PxZ9Gx6EaGgMBOaLxu9xFesaiUqHBXeAIz0_,False,0,False,playitswe,False,1698112684,1698440046
240,16100,3,0,82300,82300,308,0,3,0,False,7266496336354346026,False,False,False,0,MS4wLjABAAAAXJwbsgiwCy7EqMAon0jfATP331HBdOJgchkTty_vcrRA9S1gGU3dcf8SRJouBt14,False,0,False,myafghanistan21,False,1698112684,1698440046
2781,1060,1655,0,10300,10300,8,0,0,0,False,6839799131016332293,False,False,False,0,MS4wLjABAAAAeqkC_9NJj_Jol3tX7R_w_uh3HOqXIVn96XdxQcaHanUPYdBVfEAH-sxhsi0dnmwo,False,0,False,ibrahimarzupinarr,False,1698112684,1698440046
0,527,1,0,481,481,8,0,0,0,False,7293847754709812257,False,False,False,0,MS4wLjABAAAA8qW17rHG3c0R-On05Eu31HXNRnQYW-Zhb8IEGZHz1qRHwzh8Rn5ipvY5AQnpcZuP,False,0,False,urbanmerchhub,False,1698112684,1698440046
82,1107,283,0,358,358,16,0,0,0,False,7294733905235936262,False,False,False,0,MS4wLjABAAAAW6htmzZVncPyGLD2YH7iVPabGiztv2XSOmQhrOg5hwaaZPvmPhwj4qIbcwD5ekmT,False,0,False,cardapiodobebe01,False,1698112684,1698440046
2,715,14,0,0,0,0,0,0,3,False,7294732868490789920,False,False,False,0,MS4wLjABAAAAQ908xTh4xad720fpzkTYCOHi8BKogkwMxWvAKSk5xoIBlUlzy_ZbzAmW-qIjhDEi,False,0,False,usernamenotfoouund,False,1698112684,1698440046
2563,10900,252,0,2977,2977,194,0,0,0,False,6835358781660988421,False,False,False,0,MS4wLjABAAAAyy8P0MVCCvl4HLKghEtP4rdISxkpIGELXBo2a2AdT3ZFp09VJKfL7dTeFcEMwNPh,False,0,False,llu013,False,1698112684,1698440046
5385,35700,237,0,25200,25200,6,0,0,0,False,6979339753930867718,False,False,False,0,MS4wLjABAAAA2YLfsjVdXn4l1izdEvEe84EhIlRczc6J4-Pau1kWGyUkhUvwN8rIzR9KHJ0X-4rv,False,0,False,phmartinn,False,1698112684,1698440046
443,24800,4030,0,318700,318700,124,0,0,0,False,7274449956576052229,False,False,False,0,MS4wLjABAAAAezkFyxkLnduCn8QStC2YAB5GPkNNOQPXiKn4U7lAusD-0PpOJrRXy3PgDdzabq7_,False,0,False,poodcastcortesss,False,1698112684,1698440046
644,3129,104,0,1827,1827,29,3,3,3,False,7049095067420902405,False,True,False,0,MS4wLjABAAAA1llRKFQh65G3kiUrVi22-T6e7DCuDPrr4N-bMpL0m33eDb2F5KNIvjIg0vMrjp9l,False,3,False,dalida112112,False,1698112684,1698440046
91,1005,2105,0,418,418,9,0,0,0,False,7285741254541411360,False,False,False,0,MS4wLjABAAAA4jVQ5ZOiFB1EdgFF8BDuCKGv-K_-2IQH2ZTjVWGmlGsRCBjEAxMS3__AMFav0jWJ,False,0,False,halloweenandxmasdecoruk,False,1698112684,1698440046
21300,1200,128,0,994,994,53,0,0,0,False,7002685913122325510,False,False,False,0,MS4wLjABAAAAv3LImmPyRrWu5TUeYB_IHIc6G68yB6vizHT82r2J-2Qw_1Ngkg55HWh82AXEQC-r,False,0,False,b1h_fox,False,1698112684,1698440046
8,10300,0,0,5312,5312,3,0,0,0,False,7292315044709680174,False,False,False,0,MS4wLjABAAAALSIPPXE1rAEhxbvyHMz2NpiujOH3sDOsG0DLMGIyuDvGOMbEmofci1oHsO--firr,False,0,False,restorationcar_usa,False,1698112684,1698440046
896,1169,343,0,1628,1628,58,0,0,0,False,6907988546168423429,False,False,False,0,MS4wLjABAAAAdaT5UzFM1GzQuKKd1clOq9M5aS6t2J_1a0lY4APLIUmSq2cEC8q5U8vjGqgZ1N6H,False,0,False,women_of_grace469,False,1698112684,1698440046
172,1611,117,0,778,778,137,0,0,0,False,6936278311737050117,False,True,False,0,MS4wLjABAAAAPk9vmIKRxMlPIo-nXvFVJHWwOhpvODOoiE7dKNrhM1-eWrWyVdpx07t34nq3qyfZ,False,0,False,nocturnal_hybrid,False,1698112684,1698440046
16,986,50,0,22,22,2,0,0,0,False,7187134477178012718,False,False,False,0,MS4wLjABAAAAOvQCGomS6pa2-BYDV8J9PQCCx54gdZyxqcapabexpkqkPrf-h2e2MgRmEsjL9AWg,False,0,False,parvizyunusov01,False,1698112684,1698440046
2,3335,2,0,0,0,0,0,0,0,False,6768904372673053701,False,False,False,0,MS4wLjABAAAA2Zl7IGr6msK6jW-ouPpJuvZm8eD2lAFFFOnHsOJ32h2bO0H2sgDl_CKEFJfBg0WW,False,0,False,user5943875614072,False,1698112684,1698440046
837,7276,78,0,25100,25100,40,0,0,0,False,6547932026438161408,False,False,False,0,MS4wLjABAAAA_2C09eiBP8ugCTtjktvsu5Hi0DVG3Kw29Qg9koWlRYbGBsyYUqvCiRr_Xg--15lr,False,0,False,dhillonggg,False,1698112684,1698440046
211600,106700,7767,0,833600,833600,313,0,3,0,False,6974901309640180742,False,False,False,0,MS4wLjABAAAAAQq5knMRpjOoVAM_fgS0pMviRJB4C_pHjteU7eRFRHTf59Sh5tXcLIk4zQOzrPPt,False,0,False,men_support,False,1698112684,1698440046
78,1235,357,0,20,20,3,0,0,0,False,7121174617447892014,False,False,False,0,MS4wLjABAAAAqkeC_J4VboMfHRvJmoba51X9EVqT3WNuchobkK6Otq_j7tGxA2WAdCgrw8qByEzQ,False,0,False,tekashi___6ix9ine___,False,1698112684,1698440046
591,1616,1044,0,2354,2354,479,0,0,0,False,7188304337776755717,False,False,False,0,MS4wLjABAAAATOqInb8fSQQIuLYNORrV3ho1zmBwHI5d7xEiQ_a4Wlw-zYL6yRUGP8wKZ99nsmJo,False,0,False,cookies_and_milk25,False,1698112684,1698440046
0,995,1,0,0,0,0,0,0,0,False,7233151967735677994,False,False,False,0,MS4wLjABAAAArUPLHCQu2FnApA9AQSvOq6HgePmBaYT8U7T-k8DNU_0fdC0_Ot0-S6Z0m51sJDAZ,False,0,False,yudijewerly,False,1698112684,1698440046
115,11200,3,0,49800,49800,34,0,0,0,False,7288249309283255339,False,False,False,0,MS4wLjABAAAAQB-1lkuMVYEbWhBgyH2xMizbrq1tGQMD_R5xavM3qtCJfzPuri5zhvMkG3VGRfLo,False,0,False,baby.ameican,False,1698112684,1698440046
43600,20100,6665,0,363500,363500,70,0,0,0,False,7157181165555483649,False,True,False,0,MS4wLjABAAAABLzuglvR_51IeK1UUU3TyADA41GuwfHrYv7syU_sMI4MFQj3lmF71B91hSJLNZMk,False,0,False,dkr7046,False,1698112684,1698440046
585,10900,215,0,2434,2434,195,0,0,0,False,6960534500225336326,False,False,False,0,MS4wLjABAAAAZF9vlaN68NyeZlCfDMkT1JyQwyknHNBbalEFSEeS0vlYQCiJqku6HhRWaG08fA_W,False,0,False,riterashop,False,1698112684,1698440046
13100,9884,5,0,218500,218500,47,3,0,0,False,7247502592597722117,False,True,False,0,MS4wLjABAAAAFOeMtnXwFjF94aQCpsanA7gMQmK66ubt1jwBCvIc_sljT3ngOEKAsPBQvFozBM70,False,3,False,nattphapong,False,1698112684,1698440046
